a=	-1.000000	b=	+1.000000	n=	+40	h=	+0.050000
x	g(x)	g'(x)	g''(x)
-1.000000	-0.422275	-0.058330	+0.000000
-0.999000	-0.422333	-0.058330	+0.000000
-0.998000	-0.422392	-0.058330	+0.000000
-0.997000	-0.422450	-0.058330	+0.000000
-0.996000	-0.422508	-0.058330	+0.000000
-0.995000	-0.422567	-0.058330	+0.000000
-0.994000	-0.422625	-0.058330	+0.000000
-0.993000	-0.422683	-0.058330	+0.000000
-0.992000	-0.422742	-0.058330	+0.000000
-0.991000	-0.422800	-0.058330	+0.000000
-0.990000	-0.422858	-0.058330	+0.000000
-0.989000	-0.422917	-0.058330	+0.000000
-0.988000	-0.422975	-0.058330	+0.000000
-0.987000	-0.423033	-0.058330	+0.000000
-0.986000	-0.423092	-0.058330	+0.000000
-0.985000	-0.423150	-0.058330	+0.000000
-0.984000	-0.423208	-0.058330	+0.000000
-0.983000	-0.423267	-0.058330	+0.000000
-0.982000	-0.423325	-0.058330	+0.000000
-0.981000	-0.423383	-0.058330	+0.000000
-0.980000	-0.423442	-0.058330	+0.000000
-0.979000	-0.423500	-0.058330	+0.000000
-0.978000	-0.423558	-0.058330	+0.000000
-0.977000	-0.423617	-0.058330	+0.000000
-0.976000	-0.423675	-0.058330	+0.000000
-0.975000	-0.423733	-0.058330	+0.000000
-0.974000	-0.423792	-0.058330	+0.000000
-0.973000	-0.423850	-0.058330	+0.000000
-0.972000	-0.423908	-0.058330	+0.000000
-0.971000	-0.423967	-0.058330	+0.000000
-0.970000	-0.424025	-0.058330	+0.000000
-0.969000	-0.424083	-0.058330	+0.000000
-0.968000	-0.424142	-0.058330	+0.000000
-0.967000	-0.424200	-0.058330	+0.000000
-0.966000	-0.424258	-0.058330	+0.000000
-0.965000	-0.424317	-0.058330	+0.000000
-0.964000	-0.424375	-0.058330	+0.000000
-0.963000	-0.424433	-0.058330	+0.000000
-0.962000	-0.424492	-0.058330	+0.000000
-0.961000	-0.424550	-0.058330	+0.000000
-0.960000	-0.424608	-0.058330	+0.000000
-0.959000	-0.424667	-0.058330	+0.000000
-0.958000	-0.424725	-0.058330	+0.000000
-0.957000	-0.424783	-0.058330	+0.000000
-0.956000	-0.424842	-0.058330	+0.000000
-0.955000	-0.424900	-0.058330	+0.000000
-0.954000	-0.424958	-0.058330	+0.000000
-0.953000	-0.425017	-0.058330	+0.000000
-0.952000	-0.425075	-0.058330	+0.000000
-0.951000	-0.425133	-0.058330	+0.000000
-0.950000	-0.425192	-0.058330	+0.000000
-0.949000	-0.425509	-0.317011	+0.000000
-0.948000	-0.425826	-0.317011	+0.000000
-0.947000	-0.426143	-0.317011	+0.000000
-0.946000	-0.426460	-0.317011	+0.000000
-0.945000	-0.426777	-0.317011	+0.000000
-0.944000	-0.427094	-0.317011	+0.000000
-0.943000	-0.427411	-0.317011	+0.000000
-0.942000	-0.427728	-0.317011	+0.000000
-0.941000	-0.428045	-0.317011	+0.000000
-0.940000	-0.428362	-0.317011	+0.000000
-0.939000	-0.428679	-0.317011	+0.000000
-0.938000	-0.428996	-0.317011	+0.000000
-0.937000	-0.429313	-0.317011	+0.000000
-0.936000	-0.429630	-0.317011	+0.000000
-0.935000	-0.429947	-0.317011	+0.000000
-0.934000	-0.430264	-0.317011	+0.000000
-0.933000	-0.430581	-0.317011	+0.000000
-0.932000	-0.430898	-0.317011	+0.000000
-0.931000	-0.431215	-0.317011	+0.000000
-0.930000	-0.431532	-0.317011	+0.000000
-0.929000	-0.431849	-0.317011	+0.000000
-0.928000	-0.432166	-0.317011	+0.000000
-0.927000	-0.432483	-0.317011	+0.000000
-0.926000	-0.432800	-0.317011	+0.000000
-0.925000	-0.433117	-0.317011	+0.000000
-0.924000	-0.433434	-0.317011	+0.000000
-0.923000	-0.433751	-0.317011	+0.000000
-0.922000	-0.434068	-0.317011	+0.000000
-0.921000	-0.434385	-0.317011	+0.000000
-0.920000	-0.434702	-0.317011	+0.000000
-0.919000	-0.435019	-0.317011	+0.000000
-0.918000	-0.435336	-0.317011	+0.000000
-0.917000	-0.435653	-0.317011	+0.000000
-0.916000	-0.435970	-0.317011	+0.000000
-0.915000	-0.436287	-0.317011	+0.000000
-0.914000	-0.436604	-0.317011	+0.000000
-0.913000	-0.436921	-0.317011	+0.000000
-0.912000	-0.437238	-0.317011	+0.000000
-0.911000	-0.437555	-0.317011	+0.000000
-0.910000	-0.437872	-0.317011	+0.000000
-0.909000	-0.438189	-0.317011	+0.000000
-0.908000	-0.438506	-0.317011	+0.000000
-0.907000	-0.438823	-0.317011	+0.000000
-0.906000	-0.439140	-0.317011	+0.000000
-0.905000	-0.439457	-0.317011	+0.000000
-0.904000	-0.439774	-0.317011	+0.000000
-0.903000	-0.440091	-0.317011	+0.000000
-0.902000	-0.440408	-0.317011	+0.000000
-0.901000	-0.440725	-0.317011	+0.000000
-0.900000	-0.441042	-0.317011	+0.000000
-0.899000	-0.441246	-0.204151	+0.000000
-0.898000	-0.441450	-0.204151	+0.000000
-0.897000	-0.441655	-0.204151	+0.000000
-0.896000	-0.441859	-0.204151	+0.000000
-0.895000	-0.442063	-0.204151	+0.000000
-0.894000	-0.442267	-0.204151	+0.000000
-0.893000	-0.442471	-0.204151	+0.000000
-0.892000	-0.442675	-0.204151	+0.000000
-0.891000	-0.442879	-0.204151	+0.000000
-0.890000	-0.443084	-0.204151	+0.000000
-0.889000	-0.443288	-0.204151	+0.000000
-0.888000	-0.443492	-0.204151	+0.000000
-0.887000	-0.443696	-0.204151	+0.000000
-0.886000	-0.443900	-0.204151	+0.000000
-0.885000	-0.444104	-0.204151	+0.000000
-0.884000	-0.444309	-0.204151	+0.000000
-0.883000	-0.444513	-0.204151	+0.000000
-0.882000	-0.444717	-0.204151	+0.000000
-0.881000	-0.444921	-0.204151	+0.000000
-0.880000	-0.445125	-0.204151	+0.000000
-0.879000	-0.445329	-0.204151	+0.000000
-0.878000	-0.445533	-0.204151	+0.000000
-0.877000	-0.445738	-0.204151	+0.000000
-0.876000	-0.445942	-0.204151	+0.000000
-0.875000	-0.446146	-0.204151	+0.000000
-0.874000	-0.446350	-0.204151	+0.000000
-0.873000	-0.446554	-0.204151	+0.000000
-0.872000	-0.446758	-0.204151	+0.000000
-0.871000	-0.446962	-0.204151	+0.000000
-0.870000	-0.447167	-0.204151	+0.000000
-0.869000	-0.447371	-0.204151	+0.000000
-0.868000	-0.447575	-0.204151	+0.000000
-0.867000	-0.447779	-0.204151	+0.000000
-0.866000	-0.447983	-0.204151	+0.000000
-0.865000	-0.448187	-0.204151	+0.000000
-0.864000	-0.448392	-0.204151	+0.000000
-0.863000	-0.448596	-0.204151	+0.000000
-0.862000	-0.448800	-0.204151	+0.000000
-0.861000	-0.449004	-0.204151	+0.000000
-0.860000	-0.449208	-0.204151	+0.000000
-0.859000	-0.449412	-0.204151	+0.000000
-0.858000	-0.449616	-0.204151	+0.000000
-0.857000	-0.449821	-0.204151	+0.000000
-0.856000	-0.450025	-0.204151	+0.000000
-0.855000	-0.450229	-0.204151	+0.000000
-0.854000	-0.450433	-0.204151	+0.000000
-0.853000	-0.450637	-0.204151	+0.000000
-0.852000	-0.450841	-0.204151	+0.000000
-0.851000	-0.451046	-0.204151	+0.000000
-0.850000	-0.451250	-0.204151	+0.000000
-0.849000	-0.451129	+0.120351	+0.000000
-0.848000	-0.451009	+0.120351	+0.000000
-0.847000	-0.450889	+0.120351	+0.000000
-0.846000	-0.450768	+0.120351	+0.000000
-0.845000	-0.450648	+0.120351	+0.000000
-0.844000	-0.450528	+0.120351	+0.000000
-0.843000	-0.450407	+0.120351	+0.000000
-0.842000	-0.450287	+0.120351	+0.000000
-0.841000	-0.450166	+0.120351	+0.000000
-0.840000	-0.450046	+0.120351	+0.000000
-0.839000	-0.449926	+0.120351	+0.000000
-0.838000	-0.449805	+0.120351	+0.000000
-0.837000	-0.449685	+0.120351	+0.000000
-0.836000	-0.449565	+0.120351	+0.000000
-0.835000	-0.449444	+0.120351	+0.000000
-0.834000	-0.449324	+0.120351	+0.000000
-0.833000	-0.449204	+0.120351	+0.000000
-0.832000	-0.449083	+0.120351	+0.000000
-0.831000	-0.448963	+0.120351	+0.000000
-0.830000	-0.448843	+0.120351	+0.000000
-0.829000	-0.448722	+0.120351	+0.000000
-0.828000	-0.448602	+0.120351	+0.000000
-0.827000	-0.448482	+0.120351	+0.000000
-0.826000	-0.448361	+0.120351	+0.000000
-0.825000	-0.448241	+0.120351	+0.000000
-0.824000	-0.448121	+0.120351	+0.000000
-0.823000	-0.448000	+0.120351	+0.000000
-0.822000	-0.447880	+0.120351	+0.000000
-0.821000	-0.447759	+0.120351	+0.000000
-0.820000	-0.447639	+0.120351	+0.000000
-0.819000	-0.447519	+0.120351	+0.000000
-0.818000	-0.447398	+0.120351	+0.000000
-0.817000	-0.447278	+0.120351	+0.000000
-0.816000	-0.447158	+0.120351	+0.000000
-0.815000	-0.447037	+0.120351	+0.000000
-0.814000	-0.446917	+0.120351	+0.000000
-0.813000	-0.446797	+0.120351	+0.000000
-0.812000	-0.446676	+0.120351	+0.000000
-0.811000	-0.446556	+0.120351	+0.000000
-0.810000	-0.446436	+0.120351	+0.000000
-0.809000	-0.446315	+0.120351	+0.000000
-0.808000	-0.446195	+0.120351	+0.000000
-0.807000	-0.446075	+0.120351	+0.000000
-0.806000	-0.445954	+0.120351	+0.000000
-0.805000	-0.445834	+0.120351	+0.000000
-0.804000	-0.445713	+0.120351	+0.000000
-0.803000	-0.445593	+0.120351	+0.000000
-0.802000	-0.445473	+0.120351	+0.000000
-0.801000	-0.445352	+0.120351	+0.000000
-0.800000	-0.445232	+0.120351	+0.000000
-0.799000	-0.444759	+0.473394	+0.000000
-0.798000	-0.444285	+0.473394	+0.000000
-0.797000	-0.443812	+0.473394	+0.000000
-0.796000	-0.443339	+0.473394	+0.000000
-0.795000	-0.442865	+0.473394	+0.000000
-0.794000	-0.442392	+0.473394	+0.000000
-0.793000	-0.441918	+0.473394	+0.000000
-0.792000	-0.441445	+0.473394	+0.000000
-0.791000	-0.440972	+0.473394	+0.000000
-0.790000	-0.440498	+0.473394	+0.000000
-0.789000	-0.440025	+0.473394	+0.000000
-0.788000	-0.439551	+0.473394	+0.000000
-0.787000	-0.439078	+0.473394	+0.000000
-0.786000	-0.438605	+0.473394	+0.000000
-0.785000	-0.438131	+0.473394	+0.000000
-0.784000	-0.437658	+0.473394	+0.000000
-0.783000	-0.437184	+0.473394	+0.000000
-0.782000	-0.436711	+0.473394	+0.000000
-0.781000	-0.436238	+0.473394	+0.000000
-0.780000	-0.435764	+0.473394	+0.000000
-0.779000	-0.435291	+0.473394	+0.000000
-0.778000	-0.434817	+0.473394	+0.000000
-0.777000	-0.434344	+0.473394	+0.000000
-0.776000	-0.433871	+0.473394	+0.000000
-0.775000	-0.433397	+0.473394	+0.000000
-0.774000	-0.432924	+0.473394	+0.000000
-0.773000	-0.432450	+0.473394	+0.000000
-0.772000	-0.431977	+0.473394	+0.000000
-0.771000	-0.431504	+0.473394	+0.000000
-0.770000	-0.431030	+0.473394	+0.000000
-0.769000	-0.430557	+0.473394	+0.000000
-0.768000	-0.430083	+0.473394	+0.000000
-0.767000	-0.429610	+0.473394	+0.000000
-0.766000	-0.429137	+0.473394	+0.000000
-0.765000	-0.428663	+0.473394	+0.000000
-0.764000	-0.428190	+0.473394	+0.000000
-0.763000	-0.427717	+0.473394	+0.000000
-0.762000	-0.427243	+0.473394	+0.000000
-0.761000	-0.426770	+0.473394	+0.000000
-0.760000	-0.426296	+0.473394	+0.000000
-0.759000	-0.425823	+0.473394	+0.000000
-0.758000	-0.425350	+0.473394	+0.000000
-0.757000	-0.424876	+0.473394	+0.000000
-0.756000	-0.424403	+0.473394	+0.000000
-0.755000	-0.423929	+0.473394	+0.000000
-0.754000	-0.423456	+0.473394	+0.000000
-0.753000	-0.422983	+0.473394	+0.000000
-0.752000	-0.422509	+0.473394	+0.000000
-0.751000	-0.422036	+0.473394	+0.000000
-0.750000	-0.421562	+0.473394	+0.000000
-0.749000	-0.420872	+0.690258	+0.000000
-0.748000	-0.420182	+0.690258	+0.000000
-0.747000	-0.419492	+0.690258	+0.000000
-0.746000	-0.418801	+0.690258	+0.000000
-0.745000	-0.418111	+0.690258	+0.000000
-0.744000	-0.417421	+0.690258	+0.000000
-0.743000	-0.416731	+0.690258	+0.000000
-0.742000	-0.416040	+0.690258	+0.000000
-0.741000	-0.415350	+0.690258	+0.000000
-0.740000	-0.414660	+0.690258	+0.000000
-0.739000	-0.413970	+0.690258	+0.000000
-0.738000	-0.413279	+0.690258	+0.000000
-0.737000	-0.412589	+0.690258	+0.000000
-0.736000	-0.411899	+0.690258	+0.000000
-0.735000	-0.411209	+0.690258	+0.000000
-0.734000	-0.410518	+0.690258	+0.000000
-0.733000	-0.409828	+0.690258	+0.000000
-0.732000	-0.409138	+0.690258	+0.000000
-0.731000	-0.408447	+0.690258	+0.000000
-0.730000	-0.407757	+0.690258	+0.000000
-0.729000	-0.407067	+0.690258	+0.000000
-0.728000	-0.406377	+0.690258	+0.000000
-0.727000	-0.405686	+0.690258	+0.000000
-0.726000	-0.404996	+0.690258	+0.000000
-0.725000	-0.404306	+0.690258	+0.000000
-0.724000	-0.403616	+0.690258	+0.000000
-0.723000	-0.402925	+0.690258	+0.000000
-0.722000	-0.402235	+0.690258	+0.000000
-0.721000	-0.401545	+0.690258	+0.000000
-0.720000	-0.400855	+0.690258	+0.000000
-0.719000	-0.400164	+0.690258	+0.000000
-0.718000	-0.399474	+0.690258	+0.000000
-0.717000	-0.398784	+0.690258	+0.000000
-0.716000	-0.398094	+0.690258	+0.000000
-0.715000	-0.397403	+0.690258	+0.000000
-0.714000	-0.396713	+0.690258	+0.000000
-0.713000	-0.396023	+0.690258	+0.000000
-0.712000	-0.395333	+0.690258	+0.000000
-0.711000	-0.394642	+0.690258	+0.000000
-0.710000	-0.393952	+0.690258	+0.000000
-0.709000	-0.393262	+0.690258	+0.000000
-0.708000	-0.392572	+0.690258	+0.000000
-0.707000	-0.391881	+0.690258	+0.000000
-0.706000	-0.391191	+0.690258	+0.000000
-0.705000	-0.390501	+0.690258	+0.000000
-0.704000	-0.389811	+0.690258	+0.000000
-0.703000	-0.389120	+0.690258	+0.000000
-0.702000	-0.388430	+0.690258	+0.000000
-0.701000	-0.387740	+0.690258	+0.000000
-0.700000	-0.387049	+0.690258	+0.000000
-0.699000	-0.386391	+0.658029	+0.000000
-0.698000	-0.385733	+0.658029	+0.000000
-0.697000	-0.385075	+0.658029	+0.000000
-0.696000	-0.384417	+0.658029	+0.000000
-0.695000	-0.383759	+0.658029	+0.000000
-0.694000	-0.383101	+0.658029	+0.000000
-0.693000	-0.382443	+0.658029	+0.000000
-0.692000	-0.381785	+0.658029	+0.000000
-0.691000	-0.381127	+0.658029	+0.000000
-0.690000	-0.380469	+0.658029	+0.000000
-0.689000	-0.379811	+0.658029	+0.000000
-0.688000	-0.379153	+0.658029	+0.000000
-0.687000	-0.378495	+0.658029	+0.000000
-0.686000	-0.377837	+0.658029	+0.000000
-0.685000	-0.377179	+0.658029	+0.000000
-0.684000	-0.376521	+0.658029	+0.000000
-0.683000	-0.375863	+0.658029	+0.000000
-0.682000	-0.375205	+0.658029	+0.000000
-0.681000	-0.374547	+0.658029	+0.000000
-0.680000	-0.373889	+0.658029	+0.000000
-0.679000	-0.373231	+0.658029	+0.000000
-0.678000	-0.372573	+0.658029	+0.000000
-0.677000	-0.371915	+0.658029	+0.000000
-0.676000	-0.371257	+0.658029	+0.000000
-0.675000	-0.370599	+0.658029	+0.000000
-0.674000	-0.369941	+0.658029	+0.000000
-0.673000	-0.369283	+0.658029	+0.000000
-0.672000	-0.368625	+0.658029	+0.000000
-0.671000	-0.367967	+0.658029	+0.000000
-0.670000	-0.367309	+0.658029	+0.000000
-0.669000	-0.366651	+0.658029	+0.000000
-0.668000	-0.365993	+0.658029	+0.000000
-0.667000	-0.365335	+0.658029	+0.000000
-0.666000	-0.364677	+0.658029	+0.000000
-0.665000	-0.364018	+0.658029	+0.000000
-0.664000	-0.363360	+0.658029	+0.000000
-0.663000	-0.362702	+0.658029	+0.000000
-0.662000	-0.362044	+0.658029	+0.000000
-0.661000	-0.361386	+0.658029	+0.000000
-0.660000	-0.360728	+0.658029	+0.000000
-0.659000	-0.360070	+0.658029	+0.000000
-0.658000	-0.359412	+0.658029	+0.000000
-0.657000	-0.358754	+0.658029	+0.000000
-0.656000	-0.358096	+0.658029	+0.000000
-0.655000	-0.357438	+0.658029	+0.000000
-0.654000	-0.356780	+0.658029	+0.000000
-0.653000	-0.356122	+0.658029	+0.000000
-0.652000	-0.355464	+0.658029	+0.000000
-0.651000	-0.354806	+0.658029	+0.000000
-0.650000	-0.354148	+0.658029	+0.000000
-0.649000	-0.353815	+0.332991	+0.000000
-0.648000	-0.353482	+0.332991	+0.000000
-0.647000	-0.353149	+0.332991	+0.000000
-0.646000	-0.352816	+0.332991	+0.000000
-0.645000	-0.352483	+0.332991	+0.000000
-0.644000	-0.352150	+0.332991	+0.000000
-0.643000	-0.351817	+0.332991	+0.000000
-0.642000	-0.351484	+0.332991	+0.000000
-0.641000	-0.351151	+0.332991	+0.000000
-0.640000	-0.350818	+0.332991	+0.000000
-0.639000	-0.350485	+0.332991	+0.000000
-0.638000	-0.350152	+0.332991	+0.000000
-0.637000	-0.349819	+0.332991	+0.000000
-0.636000	-0.349486	+0.332991	+0.000000
-0.635000	-0.349153	+0.332991	+0.000000
-0.634000	-0.348820	+0.332991	+0.000000
-0.633000	-0.348487	+0.332991	+0.000000
-0.632000	-0.348154	+0.332991	+0.000000
-0.631000	-0.347821	+0.332991	+0.000000
-0.630000	-0.347488	+0.332991	+0.000000
-0.629000	-0.347155	+0.332991	+0.000000
-0.628000	-0.346822	+0.332991	+0.000000
-0.627000	-0.346489	+0.332991	+0.000000
-0.626000	-0.346156	+0.332991	+0.000000
-0.625000	-0.345823	+0.332991	+0.000000
-0.624000	-0.345490	+0.332991	+0.000000
-0.623000	-0.345157	+0.332991	+0.000000
-0.622000	-0.344824	+0.332991	+0.000000
-0.621000	-0.344491	+0.332991	+0.000000
-0.620000	-0.344158	+0.332991	+0.000000
-0.619000	-0.343825	+0.332991	+0.000000
-0.618000	-0.343492	+0.332991	+0.000000
-0.617000	-0.343159	+0.332991	+0.000000
-0.616000	-0.342826	+0.332991	+0.000000
-0.615000	-0.342493	+0.332991	+0.000000
-0.614000	-0.342160	+0.332991	+0.000000
-0.613000	-0.341827	+0.332991	+0.000000
-0.612000	-0.341494	+0.332991	+0.000000
-0.611000	-0.341161	+0.332991	+0.000000
-0.610000	-0.340828	+0.332991	+0.000000
-0.609000	-0.340495	+0.332991	+0.000000
-0.608000	-0.340162	+0.332991	+0.000000
-0.607000	-0.339829	+0.332991	+0.000000
-0.606000	-0.339496	+0.332991	+0.000000
-0.605000	-0.339163	+0.332991	+0.000000
-0.604000	-0.338830	+0.332991	+0.000000
-0.603000	-0.338497	+0.332991	+0.000000
-0.602000	-0.338165	+0.332991	+0.000000
-0.601000	-0.337832	+0.332991	+0.000000
-0.600000	-0.337499	+0.332991	+0.000000
-0.599000	-0.337246	+0.252124	+0.000000
-0.598000	-0.336994	+0.252124	+0.000000
-0.597000	-0.336742	+0.252124	+0.000000
-0.596000	-0.336490	+0.252124	+0.000000
-0.595000	-0.336238	+0.252124	+0.000000
-0.594000	-0.335986	+0.252124	+0.000000
-0.593000	-0.335734	+0.252124	+0.000000
-0.592000	-0.335482	+0.252124	+0.000000
-0.591000	-0.335229	+0.252124	+0.000000
-0.590000	-0.334977	+0.252124	+0.000000
-0.589000	-0.334725	+0.252124	+0.000000
-0.588000	-0.334473	+0.252124	+0.000000
-0.587000	-0.334221	+0.252124	+0.000000
-0.586000	-0.333969	+0.252124	+0.000000
-0.585000	-0.333717	+0.252124	+0.000000
-0.584000	-0.333465	+0.252124	+0.000000
-0.583000	-0.333212	+0.252124	+0.000000
-0.582000	-0.332960	+0.252124	+0.000000
-0.581000	-0.332708	+0.252124	+0.000000
-0.580000	-0.332456	+0.252124	+0.000000
-0.579000	-0.332204	+0.252124	+0.000000
-0.578000	-0.331952	+0.252124	+0.000000
-0.577000	-0.331700	+0.252124	+0.000000
-0.576000	-0.331448	+0.252124	+0.000000
-0.575000	-0.331195	+0.252124	+0.000000
-0.574000	-0.330943	+0.252124	+0.000000
-0.573000	-0.330691	+0.252124	+0.000000
-0.572000	-0.330439	+0.252124	+0.000000
-0.571000	-0.330187	+0.252124	+0.000000
-0.570000	-0.329935	+0.252124	+0.000000
-0.569000	-0.329683	+0.252124	+0.000000
-0.568000	-0.329431	+0.252124	+0.000000
-0.567000	-0.329178	+0.252124	+0.000000
-0.566000	-0.328926	+0.252124	+0.000000
-0.565000	-0.328674	+0.252124	+0.000000
-0.564000	-0.328422	+0.252124	+0.000000
-0.563000	-0.328170	+0.252124	+0.000000
-0.562000	-0.327918	+0.252124	+0.000000
-0.561000	-0.327666	+0.252124	+0.000000
-0.560000	-0.327414	+0.252124	+0.000000
-0.559000	-0.327161	+0.252124	+0.000000
-0.558000	-0.326909	+0.252124	+0.000000
-0.557000	-0.326657	+0.252124	+0.000000
-0.556000	-0.326405	+0.252124	+0.000000
-0.555000	-0.326153	+0.252124	+0.000000
-0.554000	-0.325901	+0.252124	+0.000000
-0.553000	-0.325649	+0.252124	+0.000000
-0.552000	-0.325397	+0.252124	+0.000000
-0.551000	-0.325144	+0.252124	+0.000000
-0.550000	-0.324892	+0.252124	+0.000000
-0.549000	-0.324525	+0.367707	+0.000000
-0.548000	-0.324157	+0.367707	+0.000000
-0.547000	-0.323789	+0.367707	+0.000000
-0.546000	-0.323422	+0.367707	+0.000000
-0.545000	-0.323054	+0.367707	+0.000000
-0.544000	-0.322686	+0.367707	+0.000000
-0.543000	-0.322318	+0.367707	+0.000000
-0.542000	-0.321951	+0.367707	+0.000000
-0.541000	-0.321583	+0.367707	+0.000000
-0.540000	-0.321215	+0.367707	+0.000000
-0.539000	-0.320848	+0.367707	+0.000000
-0.538000	-0.320480	+0.367707	+0.000000
-0.537000	-0.320112	+0.367707	+0.000000
-0.536000	-0.319744	+0.367707	+0.000000
-0.535000	-0.319377	+0.367707	+0.000000
-0.534000	-0.319009	+0.367707	+0.000000
-0.533000	-0.318641	+0.367707	+0.000000
-0.532000	-0.318274	+0.367707	+0.000000
-0.531000	-0.317906	+0.367707	+0.000000
-0.530000	-0.317538	+0.367707	+0.000000
-0.529000	-0.317171	+0.367707	+0.000000
-0.528000	-0.316803	+0.367707	+0.000000
-0.527000	-0.316435	+0.367707	+0.000000
-0.526000	-0.316067	+0.367707	+0.000000
-0.525000	-0.315700	+0.367707	+0.000000
-0.524000	-0.315332	+0.367707	+0.000000
-0.523000	-0.314964	+0.367707	+0.000000
-0.522000	-0.314597	+0.367707	+0.000000
-0.521000	-0.314229	+0.367707	+0.000000
-0.520000	-0.313861	+0.367707	+0.000000
-0.519000	-0.313493	+0.367707	+0.000000
-0.518000	-0.313126	+0.367707	+0.000000
-0.517000	-0.312758	+0.367707	+0.000000
-0.516000	-0.312390	+0.367707	+0.000000
-0.515000	-0.312023	+0.367707	+0.000000
-0.514000	-0.311655	+0.367707	+0.000000
-0.513000	-0.311287	+0.367707	+0.000000
-0.512000	-0.310919	+0.367707	+0.000000
-0.511000	-0.310552	+0.367707	+0.000000
-0.510000	-0.310184	+0.367707	+0.000000
-0.509000	-0.309816	+0.367707	+0.000000
-0.508000	-0.309449	+0.367707	+0.000000
-0.507000	-0.309081	+0.367707	+0.000000
-0.506000	-0.308713	+0.367707	+0.000000
-0.505000	-0.308346	+0.367707	+0.000000
-0.504000	-0.307978	+0.367707	+0.000000
-0.503000	-0.307610	+0.367707	+0.000000
-0.502000	-0.307242	+0.367707	+0.000000
-0.501000	-0.306875	+0.367707	+0.000000
-0.500000	-0.306507	+0.367707	+0.000000
-0.499000	-0.305952	+0.555183	+0.000000
-0.498000	-0.305397	+0.555183	+0.000000
-0.497000	-0.304841	+0.555183	+0.000000
-0.496000	-0.304286	+0.555183	+0.000000
-0.495000	-0.303731	+0.555183	+0.000000
-0.494000	-0.303176	+0.555183	+0.000000
-0.493000	-0.302621	+0.555183	+0.000000
-0.492000	-0.302066	+0.555183	+0.000000
-0.491000	-0.301510	+0.555183	+0.000000
-0.490000	-0.300955	+0.555183	+0.000000
-0.489000	-0.300400	+0.555183	+0.000000
-0.488000	-0.299845	+0.555183	+0.000000
-0.487000	-0.299290	+0.555183	+0.000000
-0.486000	-0.298734	+0.555183	+0.000000
-0.485000	-0.298179	+0.555183	+0.000000
-0.484000	-0.297624	+0.555183	+0.000000
-0.483000	-0.297069	+0.555183	+0.000000
-0.482000	-0.296514	+0.555183	+0.000000
-0.481000	-0.295959	+0.555183	+0.000000
-0.480000	-0.295403	+0.555183	+0.000000
-0.479000	-0.294848	+0.555183	+0.000000
-0.478000	-0.294293	+0.555183	+0.000000
-0.477000	-0.293738	+0.555183	+0.000000
-0.476000	-0.293183	+0.555183	+0.000000
-0.475000	-0.292627	+0.555183	+0.000000
-0.474000	-0.292072	+0.555183	+0.000000
-0.473000	-0.291517	+0.555183	+0.000000
-0.472000	-0.290962	+0.555183	+0.000000
-0.471000	-0.290407	+0.555183	+0.000000
-0.470000	-0.289852	+0.555183	+0.000000
-0.469000	-0.289296	+0.555183	+0.000000
-0.468000	-0.288741	+0.555183	+0.000000
-0.467000	-0.288186	+0.555183	+0.000000
-0.466000	-0.287631	+0.555183	+0.000000
-0.465000	-0.287076	+0.555183	+0.000000
-0.464000	-0.286520	+0.555183	+0.000000
-0.463000	-0.285965	+0.555183	+0.000000
-0.462000	-0.285410	+0.555183	+0.000000
-0.461000	-0.284855	+0.555183	+0.000000
-0.460000	-0.284300	+0.555183	+0.000000
-0.459000	-0.283745	+0.555183	+0.000000
-0.458000	-0.283189	+0.555183	+0.000000
-0.457000	-0.282634	+0.555183	+0.000000
-0.456000	-0.282079	+0.555183	+0.000000
-0.455000	-0.281524	+0.555183	+0.000000
-0.454000	-0.280969	+0.555183	+0.000000
-0.453000	-0.280413	+0.555183	+0.000000
-0.452000	-0.279858	+0.555183	+0.000000
-0.451000	-0.279303	+0.555183	+0.000000
-0.450000	-0.278748	+0.555183	+0.000000
-0.449000	-0.278046	+0.701938	+0.000000
-0.448000	-0.277344	+0.701938	+0.000000
-0.447000	-0.276642	+0.701938	+0.000000
-0.446000	-0.275940	+0.701938	+0.000000
-0.445000	-0.275238	+0.701938	+0.000000
-0.444000	-0.274536	+0.701938	+0.000000
-0.443000	-0.273834	+0.701938	+0.000000
-0.442000	-0.273132	+0.701938	+0.000000
-0.441000	-0.272430	+0.701938	+0.000000
-0.440000	-0.271728	+0.701938	+0.000000
-0.439000	-0.271027	+0.701938	+0.000000
-0.438000	-0.270325	+0.701938	+0.000000
-0.437000	-0.269623	+0.701938	+0.000000
-0.436000	-0.268921	+0.701938	+0.000000
-0.435000	-0.268219	+0.701938	+0.000000
-0.434000	-0.267517	+0.701938	+0.000000
-0.433000	-0.266815	+0.701938	+0.000000
-0.432000	-0.266113	+0.701938	+0.000000
-0.431000	-0.265411	+0.701938	+0.000000
-0.430000	-0.264709	+0.701938	+0.000000
-0.429000	-0.264007	+0.701938	+0.000000
-0.428000	-0.263305	+0.701938	+0.000000
-0.427000	-0.262603	+0.701938	+0.000000
-0.426000	-0.261901	+0.701938	+0.000000
-0.425000	-0.261199	+0.701938	+0.000000
-0.424000	-0.260497	+0.701938	+0.000000
-0.423000	-0.259796	+0.701938	+0.000000
-0.422000	-0.259094	+0.701938	+0.000000
-0.421000	-0.258392	+0.701938	+0.000000
-0.420000	-0.257690	+0.701938	+0.000000
-0.419000	-0.256988	+0.701938	+0.000000
-0.418000	-0.256286	+0.701938	+0.000000
-0.417000	-0.255584	+0.701938	+0.000000
-0.416000	-0.254882	+0.701938	+0.000000
-0.415000	-0.254180	+0.701938	+0.000000
-0.414000	-0.253478	+0.701938	+0.000000
-0.413000	-0.252776	+0.701938	+0.000000
-0.412000	-0.252074	+0.701938	+0.000000
-0.411000	-0.251372	+0.701938	+0.000000
-0.410000	-0.250670	+0.701938	+0.000000
-0.409000	-0.249968	+0.701938	+0.000000
-0.408000	-0.249266	+0.701938	+0.000000
-0.407000	-0.248565	+0.701938	+0.000000
-0.406000	-0.247863	+0.701938	+0.000000
-0.405000	-0.247161	+0.701938	+0.000000
-0.404000	-0.246459	+0.701938	+0.000000
-0.403000	-0.245757	+0.701938	+0.000000
-0.402000	-0.245055	+0.701938	+0.000000
-0.401000	-0.244353	+0.701938	+0.000000
-0.400000	-0.243651	+0.701938	+0.000000
-0.399000	-0.242919	+0.731689	+0.000000
-0.398000	-0.242188	+0.731689	+0.000000
-0.397000	-0.241456	+0.731689	+0.000000
-0.396000	-0.240724	+0.731689	+0.000000
-0.395000	-0.239993	+0.731689	+0.000000
-0.394000	-0.239261	+0.731689	+0.000000
-0.393000	-0.238529	+0.731689	+0.000000
-0.392000	-0.237797	+0.731689	+0.000000
-0.391000	-0.237066	+0.731689	+0.000000
-0.390000	-0.236334	+0.731689	+0.000000
-0.389000	-0.235602	+0.731689	+0.000000
-0.388000	-0.234871	+0.731689	+0.000000
-0.387000	-0.234139	+0.731689	+0.000000
-0.386000	-0.233407	+0.731689	+0.000000
-0.385000	-0.232676	+0.731689	+0.000000
-0.384000	-0.231944	+0.731689	+0.000000
-0.383000	-0.231212	+0.731689	+0.000000
-0.382000	-0.230481	+0.731689	+0.000000
-0.381000	-0.229749	+0.731689	+0.000000
-0.380000	-0.229017	+0.731689	+0.000000
-0.379000	-0.228285	+0.731689	+0.000000
-0.378000	-0.227554	+0.731689	+0.000000
-0.377000	-0.226822	+0.731689	+0.000000
-0.376000	-0.226090	+0.731689	+0.000000
-0.375000	-0.225359	+0.731689	+0.000000
-0.374000	-0.224627	+0.731689	+0.000000
-0.373000	-0.223895	+0.731689	+0.000000
-0.372000	-0.223164	+0.731689	+0.000000
-0.371000	-0.222432	+0.731689	+0.000000
-0.370000	-0.221700	+0.731689	+0.000000
-0.369000	-0.220969	+0.731689	+0.000000
-0.368000	-0.220237	+0.731689	+0.000000
-0.367000	-0.219505	+0.731689	+0.000000
-0.366000	-0.218774	+0.731689	+0.000000
-0.365000	-0.218042	+0.731689	+0.000000
-0.364000	-0.217310	+0.731689	+0.000000
-0.363000	-0.216578	+0.731689	+0.000000
-0.362000	-0.215847	+0.731689	+0.000000
-0.361000	-0.215115	+0.731689	+0.000000
-0.360000	-0.214383	+0.731689	+0.000000
-0.359000	-0.213652	+0.731689	+0.000000
-0.358000	-0.212920	+0.731689	+0.000000
-0.357000	-0.212188	+0.731689	+0.000000
-0.356000	-0.211457	+0.731689	+0.000000
-0.355000	-0.210725	+0.731689	+0.000000
-0.354000	-0.209993	+0.731689	+0.000000
-0.353000	-0.209262	+0.731689	+0.000000
-0.352000	-0.208530	+0.731689	+0.000000
-0.351000	-0.207798	+0.731689	+0.000000
-0.350000	-0.207067	+0.731689	+0.000000
-0.349000	-0.206450	+0.616555	+0.000000
-0.348000	-0.205833	+0.616555	+0.000000
-0.347000	-0.205217	+0.616555	+0.000000
-0.346000	-0.204600	+0.616555	+0.000000
-0.345000	-0.203984	+0.616555	+0.000000
-0.344000	-0.203367	+0.616555	+0.000000
-0.343000	-0.202751	+0.616555	+0.000000
-0.342000	-0.202134	+0.616555	+0.000000
-0.341000	-0.201518	+0.616555	+0.000000
-0.340000	-0.200901	+0.616555	+0.000000
-0.339000	-0.200284	+0.616555	+0.000000
-0.338000	-0.199668	+0.616555	+0.000000
-0.337000	-0.199051	+0.616555	+0.000000
-0.336000	-0.198435	+0.616555	+0.000000
-0.335000	-0.197818	+0.616555	+0.000000
-0.334000	-0.197202	+0.616555	+0.000000
-0.333000	-0.196585	+0.616555	+0.000000
-0.332000	-0.195969	+0.616555	+0.000000
-0.331000	-0.195352	+0.616555	+0.000000
-0.330000	-0.194735	+0.616555	+0.000000
-0.329000	-0.194119	+0.616555	+0.000000
-0.328000	-0.193502	+0.616555	+0.000000
-0.327000	-0.192886	+0.616555	+0.000000
-0.326000	-0.192269	+0.616555	+0.000000
-0.325000	-0.191653	+0.616555	+0.000000
-0.324000	-0.191036	+0.616555	+0.000000
-0.323000	-0.190420	+0.616555	+0.000000
-0.322000	-0.189803	+0.616555	+0.000000
-0.321000	-0.189186	+0.616555	+0.000000
-0.320000	-0.188570	+0.616555	+0.000000
-0.319000	-0.187953	+0.616555	+0.000000
-0.318000	-0.187337	+0.616555	+0.000000
-0.317000	-0.186720	+0.616555	+0.000000
-0.316000	-0.186104	+0.616555	+0.000000
-0.315000	-0.185487	+0.616555	+0.000000
-0.314000	-0.184871	+0.616555	+0.000000
-0.313000	-0.184254	+0.616555	+0.000000
-0.312000	-0.183637	+0.616555	+0.000000
-0.311000	-0.183021	+0.616555	+0.000000
-0.310000	-0.182404	+0.616555	+0.000000
-0.309000	-0.181788	+0.616555	+0.000000
-0.308000	-0.181171	+0.616555	+0.000000
-0.307000	-0.180555	+0.616555	+0.000000
-0.306000	-0.179938	+0.616555	+0.000000
-0.305000	-0.179322	+0.616555	+0.000000
-0.304000	-0.178705	+0.616555	+0.000000
-0.303000	-0.178088	+0.616555	+0.000000
-0.302000	-0.177472	+0.616555	+0.000000
-0.301000	-0.176855	+0.616555	+0.000000
-0.300000	-0.176239	+0.616555	+0.000000
-0.299000	-0.175733	+0.506074	+0.000000
-0.298000	-0.175227	+0.506074	+0.000000
-0.297000	-0.174721	+0.506074	+0.000000
-0.296000	-0.174214	+0.506074	+0.000000
-0.295000	-0.173708	+0.506074	+0.000000
-0.294000	-0.173202	+0.506074	+0.000000
-0.293000	-0.172696	+0.506074	+0.000000
-0.292000	-0.172190	+0.506074	+0.000000
-0.291000	-0.171684	+0.506074	+0.000000
-0.290000	-0.171178	+0.506074	+0.000000
-0.289000	-0.170672	+0.506074	+0.000000
-0.288000	-0.170166	+0.506074	+0.000000
-0.287000	-0.169660	+0.506074	+0.000000
-0.286000	-0.169154	+0.506074	+0.000000
-0.285000	-0.168648	+0.506074	+0.000000
-0.284000	-0.168142	+0.506074	+0.000000
-0.283000	-0.167636	+0.506074	+0.000000
-0.282000	-0.167129	+0.506074	+0.000000
-0.281000	-0.166623	+0.506074	+0.000000
-0.280000	-0.166117	+0.506074	+0.000000
-0.279000	-0.165611	+0.506074	+0.000000
-0.278000	-0.165105	+0.506074	+0.000000
-0.277000	-0.164599	+0.506074	+0.000000
-0.276000	-0.164093	+0.506074	+0.000000
-0.275000	-0.163587	+0.506074	+0.000000
-0.274000	-0.163081	+0.506074	+0.000000
-0.273000	-0.162575	+0.506074	+0.000000
-0.272000	-0.162069	+0.506074	+0.000000
-0.271000	-0.161563	+0.506074	+0.000000
-0.270000	-0.161057	+0.506074	+0.000000
-0.269000	-0.160550	+0.506074	+0.000000
-0.268000	-0.160044	+0.506074	+0.000000
-0.267000	-0.159538	+0.506074	+0.000000
-0.266000	-0.159032	+0.506074	+0.000000
-0.265000	-0.158526	+0.506074	+0.000000
-0.264000	-0.158020	+0.506074	+0.000000
-0.263000	-0.157514	+0.506074	+0.000000
-0.262000	-0.157008	+0.506074	+0.000000
-0.261000	-0.156502	+0.506074	+0.000000
-0.260000	-0.155996	+0.506074	+0.000000
-0.259000	-0.155490	+0.506074	+0.000000
-0.258000	-0.154984	+0.506074	+0.000000
-0.257000	-0.154478	+0.506074	+0.000000
-0.256000	-0.153972	+0.506074	+0.000000
-0.255000	-0.153465	+0.506074	+0.000000
-0.254000	-0.152959	+0.506074	+0.000000
-0.253000	-0.152453	+0.506074	+0.000000
-0.252000	-0.151947	+0.506074	+0.000000
-0.251000	-0.151441	+0.506074	+0.000000
-0.250000	-0.150935	+0.506074	+0.000000
-0.249000	-0.150417	+0.517670	+0.000000
-0.248000	-0.149900	+0.517670	+0.000000
-0.247000	-0.149382	+0.517670	+0.000000
-0.246000	-0.148864	+0.517670	+0.000000
-0.245000	-0.148347	+0.517670	+0.000000
-0.244000	-0.147829	+0.517670	+0.000000
-0.243000	-0.147311	+0.517670	+0.000000
-0.242000	-0.146794	+0.517670	+0.000000
-0.241000	-0.146276	+0.517670	+0.000000
-0.240000	-0.145758	+0.517670	+0.000000
-0.239000	-0.145241	+0.517670	+0.000000
-0.238000	-0.144723	+0.517670	+0.000000
-0.237000	-0.144205	+0.517670	+0.000000
-0.236000	-0.143688	+0.517670	+0.000000
-0.235000	-0.143170	+0.517670	+0.000000
-0.234000	-0.142652	+0.517670	+0.000000
-0.233000	-0.142135	+0.517670	+0.000000
-0.232000	-0.141617	+0.517670	+0.000000
-0.231000	-0.141099	+0.517670	+0.000000
-0.230000	-0.140582	+0.517670	+0.000000
-0.229000	-0.140064	+0.517670	+0.000000
-0.228000	-0.139546	+0.517670	+0.000000
-0.227000	-0.139029	+0.517670	+0.000000
-0.226000	-0.138511	+0.517670	+0.000000
-0.225000	-0.137993	+0.517670	+0.000000
-0.224000	-0.137476	+0.517670	+0.000000
-0.223000	-0.136958	+0.517670	+0.000000
-0.222000	-0.136440	+0.517670	+0.000000
-0.221000	-0.135923	+0.517670	+0.000000
-0.220000	-0.135405	+0.517670	+0.000000
-0.219000	-0.134887	+0.517670	+0.000000
-0.218000	-0.134370	+0.517670	+0.000000
-0.217000	-0.133852	+0.517670	+0.000000
-0.216000	-0.133334	+0.517670	+0.000000
-0.215000	-0.132817	+0.517670	+0.000000
-0.214000	-0.132299	+0.517670	+0.000000
-0.213000	-0.131781	+0.517670	+0.000000
-0.212000	-0.131264	+0.517670	+0.000000
-0.211000	-0.130746	+0.517670	+0.000000
-0.210000	-0.130228	+0.517670	+0.000000
-0.209000	-0.129711	+0.517670	+0.000000
-0.208000	-0.129193	+0.517670	+0.000000
-0.207000	-0.128675	+0.517670	+0.000000
-0.206000	-0.128158	+0.517670	+0.000000
-0.205000	-0.127640	+0.517670	+0.000000
-0.204000	-0.127122	+0.517670	+0.000000
-0.203000	-0.126605	+0.517670	+0.000000
-0.202000	-0.126087	+0.517670	+0.000000
-0.201000	-0.125569	+0.517670	+0.000000
-0.200000	-0.125052	+0.517670	+0.000000
-0.199000	-0.124473	+0.578627	+0.000000
-0.198000	-0.123894	+0.578627	+0.000000
-0.197000	-0.123316	+0.578627	+0.000000
-0.196000	-0.122737	+0.578627	+0.000000
-0.195000	-0.122158	+0.578627	+0.000000
-0.194000	-0.121580	+0.578627	+0.000000
-0.193000	-0.121001	+0.578627	+0.000000
-0.192000	-0.120423	+0.578627	+0.000000
-0.191000	-0.119844	+0.578627	+0.000000
-0.190000	-0.119265	+0.578627	+0.000000
-0.189000	-0.118687	+0.578627	+0.000000
-0.188000	-0.118108	+0.578627	+0.000000
-0.187000	-0.117529	+0.578627	+0.000000
-0.186000	-0.116951	+0.578627	+0.000000
-0.185000	-0.116372	+0.578627	+0.000000
-0.184000	-0.115794	+0.578627	+0.000000
-0.183000	-0.115215	+0.578627	+0.000000
-0.182000	-0.114636	+0.578627	+0.000000
-0.181000	-0.114058	+0.578627	+0.000000
-0.180000	-0.113479	+0.578627	+0.000000
-0.179000	-0.112900	+0.578627	+0.000000
-0.178000	-0.112322	+0.578627	+0.000000
-0.177000	-0.111743	+0.578627	+0.000000
-0.176000	-0.111165	+0.578627	+0.000000
-0.175000	-0.110586	+0.578627	+0.000000
-0.174000	-0.110007	+0.578627	+0.000000
-0.173000	-0.109429	+0.578627	+0.000000
-0.172000	-0.108850	+0.578627	+0.000000
-0.171000	-0.108271	+0.578627	+0.000000
-0.170000	-0.107693	+0.578627	+0.000000
-0.169000	-0.107114	+0.578627	+0.000000
-0.168000	-0.106536	+0.578627	+0.000000
-0.167000	-0.105957	+0.578627	+0.000000
-0.166000	-0.105378	+0.578627	+0.000000
-0.165000	-0.104800	+0.578627	+0.000000
-0.164000	-0.104221	+0.578627	+0.000000
-0.163000	-0.103642	+0.578627	+0.000000
-0.162000	-0.103064	+0.578627	+0.000000
-0.161000	-0.102485	+0.578627	+0.000000
-0.160000	-0.101906	+0.578627	+0.000000
-0.159000	-0.101328	+0.578627	+0.000000
-0.158000	-0.100749	+0.578627	+0.000000
-0.157000	-0.100171	+0.578627	+0.000000
-0.156000	-0.099592	+0.578627	+0.000000
-0.155000	-0.099013	+0.578627	+0.000000
-0.154000	-0.098435	+0.578627	+0.000000
-0.153000	-0.097856	+0.578627	+0.000000
-0.152000	-0.097277	+0.578627	+0.000000
-0.151000	-0.096699	+0.578627	+0.000000
-0.150000	-0.096120	+0.578627	+0.000000
-0.149000	-0.095489	+0.631592	+0.000000
-0.148000	-0.094857	+0.631592	+0.000000
-0.147000	-0.094225	+0.631592	+0.000000
-0.146000	-0.093594	+0.631592	+0.000000
-0.145000	-0.092962	+0.631592	+0.000000
-0.144000	-0.092331	+0.631592	+0.000000
-0.143000	-0.091699	+0.631592	+0.000000
-0.142000	-0.091067	+0.631592	+0.000000
-0.141000	-0.090436	+0.631592	+0.000000
-0.140000	-0.089804	+0.631592	+0.000000
-0.139000	-0.089173	+0.631592	+0.000000
-0.138000	-0.088541	+0.631592	+0.000000
-0.137000	-0.087910	+0.631592	+0.000000
-0.136000	-0.087278	+0.631592	+0.000000
-0.135000	-0.086646	+0.631592	+0.000000
-0.134000	-0.086015	+0.631592	+0.000000
-0.133000	-0.085383	+0.631592	+0.000000
-0.132000	-0.084752	+0.631592	+0.000000
-0.131000	-0.084120	+0.631592	+0.000000
-0.130000	-0.083488	+0.631592	+0.000000
-0.129000	-0.082857	+0.631592	+0.000000
-0.128000	-0.082225	+0.631592	+0.000000
-0.127000	-0.081594	+0.631592	+0.000000
-0.126000	-0.080962	+0.631592	+0.000000
-0.125000	-0.080330	+0.631592	+0.000000
-0.124000	-0.079699	+0.631592	+0.000000
-0.123000	-0.079067	+0.631592	+0.000000
-0.122000	-0.078436	+0.631592	+0.000000
-0.121000	-0.077804	+0.631592	+0.000000
-0.120000	-0.077172	+0.631592	+0.000000
-0.119000	-0.076541	+0.631592	+0.000000
-0.118000	-0.075909	+0.631592	+0.000000
-0.117000	-0.075278	+0.631592	+0.000000
-0.116000	-0.074646	+0.631592	+0.000000
-0.115000	-0.074015	+0.631592	+0.000000
-0.114000	-0.073383	+0.631592	+0.000000
-0.113000	-0.072751	+0.631592	+0.000000
-0.112000	-0.072120	+0.631592	+0.000000
-0.111000	-0.071488	+0.631592	+0.000000
-0.110000	-0.070857	+0.631592	+0.000000
-0.109000	-0.070225	+0.631592	+0.000000
-0.108000	-0.069593	+0.631592	+0.000000
-0.107000	-0.068962	+0.631592	+0.000000
-0.106000	-0.068330	+0.631592	+0.000000
-0.105000	-0.067699	+0.631592	+0.000000
-0.104000	-0.067067	+0.631592	+0.000000
-0.103000	-0.066435	+0.631592	+0.000000
-0.102000	-0.065804	+0.631592	+0.000000
-0.101000	-0.065172	+0.631592	+0.000000
-0.100000	-0.064541	+0.631592	+0.000000
-0.099000	-0.063891	+0.649739	+0.000000
-0.098000	-0.063241	+0.649739	+0.000000
-0.097000	-0.062591	+0.649739	+0.000000
-0.096000	-0.061942	+0.649739	+0.000000
-0.095000	-0.061292	+0.649739	+0.000000
-0.094000	-0.060642	+0.649739	+0.000000
-0.093000	-0.059992	+0.649739	+0.000000
-0.092000	-0.059343	+0.649739	+0.000000
-0.091000	-0.058693	+0.649739	+0.000000
-0.090000	-0.058043	+0.649739	+0.000000
-0.089000	-0.057394	+0.649739	+0.000000
-0.088000	-0.056744	+0.649739	+0.000000
-0.087000	-0.056094	+0.649739	+0.000000
-0.086000	-0.055444	+0.649739	+0.000000
-0.085000	-0.054795	+0.649739	+0.000000
-0.084000	-0.054145	+0.649739	+0.000000
-0.083000	-0.053495	+0.649739	+0.000000
-0.082000	-0.052845	+0.649739	+0.000000
-0.081000	-0.052196	+0.649739	+0.000000
-0.080000	-0.051546	+0.649739	+0.000000
-0.079000	-0.050896	+0.649739	+0.000000
-0.078000	-0.050246	+0.649739	+0.000000
-0.077000	-0.049597	+0.649739	+0.000000
-0.076000	-0.048947	+0.649739	+0.000000
-0.075000	-0.048297	+0.649739	+0.000000
-0.074000	-0.047647	+0.649739	+0.000000
-0.073000	-0.046998	+0.649739	+0.000000
-0.072000	-0.046348	+0.649739	+0.000000
-0.071000	-0.045698	+0.649739	+0.000000
-0.070000	-0.045048	+0.649739	+0.000000
-0.069000	-0.044399	+0.649739	+0.000000
-0.068000	-0.043749	+0.649739	+0.000000
-0.067000	-0.043099	+0.649739	+0.000000
-0.066000	-0.042450	+0.649739	+0.000000
-0.065000	-0.041800	+0.649739	+0.000000
-0.064000	-0.041150	+0.649739	+0.000000
-0.063000	-0.040500	+0.649739	+0.000000
-0.062000	-0.039851	+0.649739	+0.000000
-0.061000	-0.039201	+0.649739	+0.000000
-0.060000	-0.038551	+0.649739	+0.000000
-0.059000	-0.037901	+0.649739	+0.000000
-0.058000	-0.037252	+0.649739	+0.000000
-0.057000	-0.036602	+0.649739	+0.000000
-0.056000	-0.035952	+0.649739	+0.000000
-0.055000	-0.035302	+0.649739	+0.000000
-0.054000	-0.034653	+0.649739	+0.000000
-0.053000	-0.034003	+0.649739	+0.000000
-0.052000	-0.033353	+0.649739	+0.000000
-0.051000	-0.032703	+0.649739	+0.000000
-0.050000	-0.032054	+0.649739	+0.000000
-0.049000	-0.031413	+0.641074	+0.000000
-0.048000	-0.030772	+0.641074	+0.000000
-0.047000	-0.030130	+0.641074	+0.000000
-0.046000	-0.029489	+0.641074	+0.000000
-0.045000	-0.028848	+0.641074	+0.000000
-0.044000	-0.028207	+0.641074	+0.000000
-0.043000	-0.027566	+0.641074	+0.000000
-0.042000	-0.026925	+0.641074	+0.000000
-0.041000	-0.026284	+0.641074	+0.000000
-0.040000	-0.025643	+0.641074	+0.000000
-0.039000	-0.025002	+0.641074	+0.000000
-0.038000	-0.024361	+0.641074	+0.000000
-0.037000	-0.023720	+0.641074	+0.000000
-0.036000	-0.023079	+0.641074	+0.000000
-0.035000	-0.022438	+0.641074	+0.000000
-0.034000	-0.021797	+0.641074	+0.000000
-0.033000	-0.021155	+0.641074	+0.000000
-0.032000	-0.020514	+0.641074	+0.000000
-0.031000	-0.019873	+0.641074	+0.000000
-0.030000	-0.019232	+0.641074	+0.000000
-0.029000	-0.018591	+0.641074	+0.000000
-0.028000	-0.017950	+0.641074	+0.000000
-0.027000	-0.017309	+0.641074	+0.000000
-0.026000	-0.016668	+0.641074	+0.000000
-0.025000	-0.016027	+0.641074	+0.000000
-0.024000	-0.015386	+0.641074	+0.000000
-0.023000	-0.014745	+0.641074	+0.000000
-0.022000	-0.014104	+0.641074	+0.000000
-0.021000	-0.013463	+0.641074	+0.000000
-0.020000	-0.012821	+0.641074	+0.000000
-0.019000	-0.012180	+0.641074	+0.000000
-0.018000	-0.011539	+0.641074	+0.000000
-0.017000	-0.010898	+0.641074	+0.000000
-0.016000	-0.010257	+0.641074	+0.000000
-0.015000	-0.009616	+0.641074	+0.000000
-0.014000	-0.008975	+0.641074	+0.000000
-0.013000	-0.008334	+0.641074	+0.000000
-0.012000	-0.007693	+0.641074	+0.000000
-0.011000	-0.007052	+0.641074	+0.000000
-0.010000	-0.006411	+0.641074	+0.000000
-0.009000	-0.005770	+0.641074	+0.000000
-0.008000	-0.005129	+0.641074	+0.000000
-0.007000	-0.004488	+0.641074	+0.000000
-0.006000	-0.003846	+0.641074	+0.000000
-0.005000	-0.003205	+0.641074	+0.000000
-0.004000	-0.002564	+0.641074	+0.000000
-0.003000	-0.001923	+0.641074	+0.000000
-0.002000	-0.001282	+0.641074	+0.000000
-0.001000	-0.000641	+0.641074	+0.000000
+0.000000	+0.000000	+0.641074	+0.000000
+0.001000	+0.000641	+0.641074	+0.000000
+0.002000	+0.001282	+0.641074	+0.000000
+0.003000	+0.001923	+0.641074	+0.000000
+0.004000	+0.002564	+0.641074	+0.000000
+0.005000	+0.003205	+0.641074	+0.000000
+0.006000	+0.003846	+0.641074	+0.000000
+0.007000	+0.004488	+0.641074	+0.000000
+0.008000	+0.005129	+0.641074	+0.000000
+0.009000	+0.005770	+0.641074	+0.000000
+0.010000	+0.006411	+0.641074	+0.000000
+0.011000	+0.007052	+0.641074	+0.000000
+0.012000	+0.007693	+0.641074	+0.000000
+0.013000	+0.008334	+0.641074	+0.000000
+0.014000	+0.008975	+0.641074	+0.000000
+0.015000	+0.009616	+0.641074	+0.000000
+0.016000	+0.010257	+0.641074	+0.000000
+0.017000	+0.010898	+0.641074	+0.000000
+0.018000	+0.011539	+0.641074	+0.000000
+0.019000	+0.012180	+0.641074	+0.000000
+0.020000	+0.012821	+0.641074	+0.000000
+0.021000	+0.013463	+0.641074	+0.000000
+0.022000	+0.014104	+0.641074	+0.000000
+0.023000	+0.014745	+0.641074	+0.000000
+0.024000	+0.015386	+0.641074	+0.000000
+0.025000	+0.016027	+0.641074	+0.000000
+0.026000	+0.016668	+0.641074	+0.000000
+0.027000	+0.017309	+0.641074	+0.000000
+0.028000	+0.017950	+0.641074	+0.000000
+0.029000	+0.018591	+0.641074	+0.000000
+0.030000	+0.019232	+0.641074	+0.000000
+0.031000	+0.019873	+0.641074	+0.000000
+0.032000	+0.020514	+0.641074	+0.000000
+0.033000	+0.021155	+0.641074	+0.000000
+0.034000	+0.021797	+0.641074	+0.000000
+0.035000	+0.022438	+0.641074	+0.000000
+0.036000	+0.023079	+0.641074	+0.000000
+0.037000	+0.023720	+0.641074	+0.000000
+0.038000	+0.024361	+0.641074	+0.000000
+0.039000	+0.025002	+0.641074	+0.000000
+0.040000	+0.025643	+0.641074	+0.000000
+0.041000	+0.026284	+0.641074	+0.000000
+0.042000	+0.026925	+0.641074	+0.000000
+0.043000	+0.027566	+0.641074	+0.000000
+0.044000	+0.028207	+0.641074	+0.000000
+0.045000	+0.028848	+0.641074	+0.000000
+0.046000	+0.029489	+0.641074	+0.000000
+0.047000	+0.030130	+0.641074	+0.000000
+0.048000	+0.030772	+0.641074	+0.000000
+0.049000	+0.031413	+0.641074	+0.000000
+0.050000	+0.032054	+0.641074	+0.000000
+0.051000	+0.032703	+0.649739	+0.000000
+0.052000	+0.033353	+0.649739	+0.000000
+0.053000	+0.034003	+0.649739	+0.000000
+0.054000	+0.034653	+0.649739	+0.000000
+0.055000	+0.035302	+0.649739	+0.000000
+0.056000	+0.035952	+0.649739	+0.000000
+0.057000	+0.036602	+0.649739	+0.000000
+0.058000	+0.037252	+0.649739	+0.000000
+0.059000	+0.037901	+0.649739	+0.000000
+0.060000	+0.038551	+0.649739	+0.000000
+0.061000	+0.039201	+0.649739	+0.000000
+0.062000	+0.039851	+0.649739	+0.000000
+0.063000	+0.040500	+0.649739	+0.000000
+0.064000	+0.041150	+0.649739	+0.000000
+0.065000	+0.041800	+0.649739	+0.000000
+0.066000	+0.042450	+0.649739	+0.000000
+0.067000	+0.043099	+0.649739	+0.000000
+0.068000	+0.043749	+0.649739	+0.000000
+0.069000	+0.044399	+0.649739	+0.000000
+0.070000	+0.045048	+0.649739	+0.000000
+0.071000	+0.045698	+0.649739	+0.000000
+0.072000	+0.046348	+0.649739	+0.000000
+0.073000	+0.046998	+0.649739	+0.000000
+0.074000	+0.047647	+0.649739	+0.000000
+0.075000	+0.048297	+0.649739	+0.000000
+0.076000	+0.048947	+0.649739	+0.000000
+0.077000	+0.049597	+0.649739	+0.000000
+0.078000	+0.050246	+0.649739	+0.000000
+0.079000	+0.050896	+0.649739	+0.000000
+0.080000	+0.051546	+0.649739	+0.000000
+0.081000	+0.052196	+0.649739	+0.000000
+0.082000	+0.052845	+0.649739	+0.000000
+0.083000	+0.053495	+0.649739	+0.000000
+0.084000	+0.054145	+0.649739	+0.000000
+0.085000	+0.054795	+0.649739	+0.000000
+0.086000	+0.055444	+0.649739	+0.000000
+0.087000	+0.056094	+0.649739	+0.000000
+0.088000	+0.056744	+0.649739	+0.000000
+0.089000	+0.057394	+0.649739	+0.000000
+0.090000	+0.058043	+0.649739	+0.000000
+0.091000	+0.058693	+0.649739	+0.000000
+0.092000	+0.059343	+0.649739	+0.000000
+0.093000	+0.059992	+0.649739	+0.000000
+0.094000	+0.060642	+0.649739	+0.000000
+0.095000	+0.061292	+0.649739	+0.000000
+0.096000	+0.061942	+0.649739	+0.000000
+0.097000	+0.062591	+0.649739	+0.000000
+0.098000	+0.063241	+0.649739	+0.000000
+0.099000	+0.063891	+0.649739	+0.000000
+0.100000	+0.064541	+0.649739	+0.000000
+0.101000	+0.065172	+0.631592	+0.000000
+0.102000	+0.065804	+0.631592	+0.000000
+0.103000	+0.066435	+0.631592	+0.000000
+0.104000	+0.067067	+0.631592	+0.000000
+0.105000	+0.067699	+0.631592	+0.000000
+0.106000	+0.068330	+0.631592	+0.000000
+0.107000	+0.068962	+0.631592	+0.000000
+0.108000	+0.069593	+0.631592	+0.000000
+0.109000	+0.070225	+0.631592	+0.000000
+0.110000	+0.070857	+0.631592	+0.000000
+0.111000	+0.071488	+0.631592	+0.000000
+0.112000	+0.072120	+0.631592	+0.000000
+0.113000	+0.072751	+0.631592	+0.000000
+0.114000	+0.073383	+0.631592	+0.000000
+0.115000	+0.074015	+0.631592	+0.000000
+0.116000	+0.074646	+0.631592	+0.000000
+0.117000	+0.075278	+0.631592	+0.000000
+0.118000	+0.075909	+0.631592	+0.000000
+0.119000	+0.076541	+0.631592	+0.000000
+0.120000	+0.077172	+0.631592	+0.000000
+0.121000	+0.077804	+0.631592	+0.000000
+0.122000	+0.078436	+0.631592	+0.000000
+0.123000	+0.079067	+0.631592	+0.000000
+0.124000	+0.079699	+0.631592	+0.000000
+0.125000	+0.080330	+0.631592	+0.000000
+0.126000	+0.080962	+0.631592	+0.000000
+0.127000	+0.081594	+0.631592	+0.000000
+0.128000	+0.082225	+0.631592	+0.000000
+0.129000	+0.082857	+0.631592	+0.000000
+0.130000	+0.083488	+0.631592	+0.000000
+0.131000	+0.084120	+0.631592	+0.000000
+0.132000	+0.084752	+0.631592	+0.000000
+0.133000	+0.085383	+0.631592	+0.000000
+0.134000	+0.086015	+0.631592	+0.000000
+0.135000	+0.086646	+0.631592	+0.000000
+0.136000	+0.087278	+0.631592	+0.000000
+0.137000	+0.087910	+0.631592	+0.000000
+0.138000	+0.088541	+0.631592	+0.000000
+0.139000	+0.089173	+0.631592	+0.000000
+0.140000	+0.089804	+0.631592	+0.000000
+0.141000	+0.090436	+0.631592	+0.000000
+0.142000	+0.091067	+0.631592	+0.000000
+0.143000	+0.091699	+0.631592	+0.000000
+0.144000	+0.092331	+0.631592	+0.000000
+0.145000	+0.092962	+0.631592	+0.000000
+0.146000	+0.093594	+0.631592	+0.000000
+0.147000	+0.094225	+0.631592	+0.000000
+0.148000	+0.094857	+0.631592	+0.000000
+0.149000	+0.095489	+0.631592	+0.000000
+0.150000	+0.096120	+0.631592	+0.000000
+0.151000	+0.096699	+0.578627	+0.000000
+0.152000	+0.097277	+0.578627	+0.000000
+0.153000	+0.097856	+0.578627	+0.000000
+0.154000	+0.098435	+0.578627	+0.000000
+0.155000	+0.099013	+0.578627	+0.000000
+0.156000	+0.099592	+0.578627	+0.000000
+0.157000	+0.100171	+0.578627	+0.000000
+0.158000	+0.100749	+0.578627	+0.000000
+0.159000	+0.101328	+0.578627	+0.000000
+0.160000	+0.101906	+0.578627	+0.000000
+0.161000	+0.102485	+0.578627	+0.000000
+0.162000	+0.103064	+0.578627	+0.000000
+0.163000	+0.103642	+0.578627	+0.000000
+0.164000	+0.104221	+0.578627	+0.000000
+0.165000	+0.104800	+0.578627	+0.000000
+0.166000	+0.105378	+0.578627	+0.000000
+0.167000	+0.105957	+0.578627	+0.000000
+0.168000	+0.106536	+0.578627	+0.000000
+0.169000	+0.107114	+0.578627	+0.000000
+0.170000	+0.107693	+0.578627	+0.000000
+0.171000	+0.108271	+0.578627	+0.000000
+0.172000	+0.108850	+0.578627	+0.000000
+0.173000	+0.109429	+0.578627	+0.000000
+0.174000	+0.110007	+0.578627	+0.000000
+0.175000	+0.110586	+0.578627	+0.000000
+0.176000	+0.111165	+0.578627	+0.000000
+0.177000	+0.111743	+0.578627	+0.000000
+0.178000	+0.112322	+0.578627	+0.000000
+0.179000	+0.112900	+0.578627	+0.000000
+0.180000	+0.113479	+0.578627	+0.000000
+0.181000	+0.114058	+0.578627	+0.000000
+0.182000	+0.114636	+0.578627	+0.000000
+0.183000	+0.115215	+0.578627	+0.000000
+0.184000	+0.115794	+0.578627	+0.000000
+0.185000	+0.116372	+0.578627	+0.000000
+0.186000	+0.116951	+0.578627	+0.000000
+0.187000	+0.117529	+0.578627	+0.000000
+0.188000	+0.118108	+0.578627	+0.000000
+0.189000	+0.118687	+0.578627	+0.000000
+0.190000	+0.119265	+0.578627	+0.000000
+0.191000	+0.119844	+0.578627	+0.000000
+0.192000	+0.120423	+0.578627	+0.000000
+0.193000	+0.121001	+0.578627	+0.000000
+0.194000	+0.121580	+0.578627	+0.000000
+0.195000	+0.122158	+0.578627	+0.000000
+0.196000	+0.122737	+0.578627	+0.000000
+0.197000	+0.123316	+0.578627	+0.000000
+0.198000	+0.123894	+0.578627	+0.000000
+0.199000	+0.124473	+0.578627	+0.000000
+0.200000	+0.125052	+0.578627	+0.000000
+0.201000	+0.125569	+0.517670	+0.000000
+0.202000	+0.126087	+0.517670	+0.000000
+0.203000	+0.126605	+0.517670	+0.000000
+0.204000	+0.127122	+0.517670	+0.000000
+0.205000	+0.127640	+0.517670	+0.000000
+0.206000	+0.128158	+0.517670	+0.000000
+0.207000	+0.128675	+0.517670	+0.000000
+0.208000	+0.129193	+0.517670	+0.000000
+0.209000	+0.129711	+0.517670	+0.000000
+0.210000	+0.130228	+0.517670	+0.000000
+0.211000	+0.130746	+0.517670	+0.000000
+0.212000	+0.131264	+0.517670	+0.000000
+0.213000	+0.131781	+0.517670	+0.000000
+0.214000	+0.132299	+0.517670	+0.000000
+0.215000	+0.132817	+0.517670	+0.000000
+0.216000	+0.133334	+0.517670	+0.000000
+0.217000	+0.133852	+0.517670	+0.000000
+0.218000	+0.134370	+0.517670	+0.000000
+0.219000	+0.134887	+0.517670	+0.000000
+0.220000	+0.135405	+0.517670	+0.000000
+0.221000	+0.135923	+0.517670	+0.000000
+0.222000	+0.136440	+0.517670	+0.000000
+0.223000	+0.136958	+0.517670	+0.000000
+0.224000	+0.137476	+0.517670	+0.000000
+0.225000	+0.137993	+0.517670	+0.000000
+0.226000	+0.138511	+0.517670	+0.000000
+0.227000	+0.139029	+0.517670	+0.000000
+0.228000	+0.139546	+0.517670	+0.000000
+0.229000	+0.140064	+0.517670	+0.000000
+0.230000	+0.140582	+0.517670	+0.000000
+0.231000	+0.141099	+0.517670	+0.000000
+0.232000	+0.141617	+0.517670	+0.000000
+0.233000	+0.142135	+0.517670	+0.000000
+0.234000	+0.142652	+0.517670	+0.000000
+0.235000	+0.143170	+0.517670	+0.000000
+0.236000	+0.143688	+0.517670	+0.000000
+0.237000	+0.144205	+0.517670	+0.000000
+0.238000	+0.144723	+0.517670	+0.000000
+0.239000	+0.145241	+0.517670	+0.000000
+0.240000	+0.145758	+0.517670	+0.000000
+0.241000	+0.146276	+0.517670	+0.000000
+0.242000	+0.146794	+0.517670	+0.000000
+0.243000	+0.147311	+0.517670	+0.000000
+0.244000	+0.147829	+0.517670	+0.000000
+0.245000	+0.148347	+0.517670	+0.000000
+0.246000	+0.148864	+0.517670	+0.000000
+0.247000	+0.149382	+0.517670	+0.000000
+0.248000	+0.149900	+0.517670	+0.000000
+0.249000	+0.150417	+0.517670	+0.000000
+0.250000	+0.150935	+0.517670	+0.000000
+0.251000	+0.151441	+0.506074	+0.000000
+0.252000	+0.151947	+0.506074	+0.000000
+0.253000	+0.152453	+0.506074	+0.000000
+0.254000	+0.152959	+0.506074	+0.000000
+0.255000	+0.153465	+0.506074	+0.000000
+0.256000	+0.153972	+0.506074	+0.000000
+0.257000	+0.154478	+0.506074	+0.000000
+0.258000	+0.154984	+0.506074	+0.000000
+0.259000	+0.155490	+0.506074	+0.000000
+0.260000	+0.155996	+0.506074	+0.000000
+0.261000	+0.156502	+0.506074	+0.000000
+0.262000	+0.157008	+0.506074	+0.000000
+0.263000	+0.157514	+0.506074	+0.000000
+0.264000	+0.158020	+0.506074	+0.000000
+0.265000	+0.158526	+0.506074	+0.000000
+0.266000	+0.159032	+0.506074	+0.000000
+0.267000	+0.159538	+0.506074	+0.000000
+0.268000	+0.160044	+0.506074	+0.000000
+0.269000	+0.160550	+0.506074	+0.000000
+0.270000	+0.161057	+0.506074	+0.000000
+0.271000	+0.161563	+0.506074	+0.000000
+0.272000	+0.162069	+0.506074	+0.000000
+0.273000	+0.162575	+0.506074	+0.000000
+0.274000	+0.163081	+0.506074	+0.000000
+0.275000	+0.163587	+0.506074	+0.000000
+0.276000	+0.164093	+0.506074	+0.000000
+0.277000	+0.164599	+0.506074	+0.000000
+0.278000	+0.165105	+0.506074	+0.000000
+0.279000	+0.165611	+0.506074	+0.000000
+0.280000	+0.166117	+0.506074	+0.000000
+0.281000	+0.166623	+0.506074	+0.000000
+0.282000	+0.167129	+0.506074	+0.000000
+0.283000	+0.167636	+0.506074	+0.000000
+0.284000	+0.168142	+0.506074	+0.000000
+0.285000	+0.168648	+0.506074	+0.000000
+0.286000	+0.169154	+0.506074	+0.000000
+0.287000	+0.169660	+0.506074	+0.000000
+0.288000	+0.170166	+0.506074	+0.000000
+0.289000	+0.170672	+0.506074	+0.000000
+0.290000	+0.171178	+0.506074	+0.000000
+0.291000	+0.171684	+0.506074	+0.000000
+0.292000	+0.172190	+0.506074	+0.000000
+0.293000	+0.172696	+0.506074	+0.000000
+0.294000	+0.173202	+0.506074	+0.000000
+0.295000	+0.173708	+0.506074	+0.000000
+0.296000	+0.174214	+0.506074	+0.000000
+0.297000	+0.174721	+0.506074	+0.000000
+0.298000	+0.175227	+0.506074	+0.000000
+0.299000	+0.175733	+0.506074	+0.000000
+0.300000	+0.176239	+0.506074	+0.000000
+0.301000	+0.176855	+0.616555	+0.000000
+0.302000	+0.177472	+0.616555	+0.000000
+0.303000	+0.178088	+0.616555	+0.000000
+0.304000	+0.178705	+0.616555	+0.000000
+0.305000	+0.179322	+0.616555	+0.000000
+0.306000	+0.179938	+0.616555	+0.000000
+0.307000	+0.180555	+0.616555	+0.000000
+0.308000	+0.181171	+0.616555	+0.000000
+0.309000	+0.181788	+0.616555	+0.000000
+0.310000	+0.182404	+0.616555	+0.000000
+0.311000	+0.183021	+0.616555	+0.000000
+0.312000	+0.183637	+0.616555	+0.000000
+0.313000	+0.184254	+0.616555	+0.000000
+0.314000	+0.184871	+0.616555	+0.000000
+0.315000	+0.185487	+0.616555	+0.000000
+0.316000	+0.186104	+0.616555	+0.000000
+0.317000	+0.186720	+0.616555	+0.000000
+0.318000	+0.187337	+0.616555	+0.000000
+0.319000	+0.187953	+0.616555	+0.000000
+0.320000	+0.188570	+0.616555	+0.000000
+0.321000	+0.189186	+0.616555	+0.000000
+0.322000	+0.189803	+0.616555	+0.000000
+0.323000	+0.190420	+0.616555	+0.000000
+0.324000	+0.191036	+0.616555	+0.000000
+0.325000	+0.191653	+0.616555	+0.000000
+0.326000	+0.192269	+0.616555	+0.000000
+0.327000	+0.192886	+0.616555	+0.000000
+0.328000	+0.193502	+0.616555	+0.000000
+0.329000	+0.194119	+0.616555	+0.000000
+0.330000	+0.194735	+0.616555	+0.000000
+0.331000	+0.195352	+0.616555	+0.000000
+0.332000	+0.195969	+0.616555	+0.000000
+0.333000	+0.196585	+0.616555	+0.000000
+0.334000	+0.197202	+0.616555	+0.000000
+0.335000	+0.197818	+0.616555	+0.000000
+0.336000	+0.198435	+0.616555	+0.000000
+0.337000	+0.199051	+0.616555	+0.000000
+0.338000	+0.199668	+0.616555	+0.000000
+0.339000	+0.200284	+0.616555	+0.000000
+0.340000	+0.200901	+0.616555	+0.000000
+0.341000	+0.201518	+0.616555	+0.000000
+0.342000	+0.202134	+0.616555	+0.000000
+0.343000	+0.202751	+0.616555	+0.000000
+0.344000	+0.203367	+0.616555	+0.000000
+0.345000	+0.203984	+0.616555	+0.000000
+0.346000	+0.204600	+0.616555	+0.000000
+0.347000	+0.205217	+0.616555	+0.000000
+0.348000	+0.205833	+0.616555	+0.000000
+0.349000	+0.206450	+0.616555	+0.000000
+0.350000	+0.207067	+0.616555	+0.000000
+0.351000	+0.207798	+0.731689	+0.000000
+0.352000	+0.208530	+0.731689	+0.000000
+0.353000	+0.209262	+0.731689	+0.000000
+0.354000	+0.209993	+0.731689	+0.000000
+0.355000	+0.210725	+0.731689	+0.000000
+0.356000	+0.211457	+0.731689	+0.000000
+0.357000	+0.212188	+0.731689	+0.000000
+0.358000	+0.212920	+0.731689	+0.000000
+0.359000	+0.213652	+0.731689	+0.000000
+0.360000	+0.214383	+0.731689	+0.000000
+0.361000	+0.215115	+0.731689	+0.000000
+0.362000	+0.215847	+0.731689	+0.000000
+0.363000	+0.216578	+0.731689	+0.000000
+0.364000	+0.217310	+0.731689	+0.000000
+0.365000	+0.218042	+0.731689	+0.000000
+0.366000	+0.218774	+0.731689	+0.000000
+0.367000	+0.219505	+0.731689	+0.000000
+0.368000	+0.220237	+0.731689	+0.000000
+0.369000	+0.220969	+0.731689	+0.000000
+0.370000	+0.221700	+0.731689	+0.000000
+0.371000	+0.222432	+0.731689	+0.000000
+0.372000	+0.223164	+0.731689	+0.000000
+0.373000	+0.223895	+0.731689	+0.000000
+0.374000	+0.224627	+0.731689	+0.000000
+0.375000	+0.225359	+0.731689	+0.000000
+0.376000	+0.226090	+0.731689	+0.000000
+0.377000	+0.226822	+0.731689	+0.000000
+0.378000	+0.227554	+0.731689	+0.000000
+0.379000	+0.228285	+0.731689	+0.000000
+0.380000	+0.229017	+0.731689	+0.000000
+0.381000	+0.229749	+0.731689	+0.000000
+0.382000	+0.230481	+0.731689	+0.000000
+0.383000	+0.231212	+0.731689	+0.000000
+0.384000	+0.231944	+0.731689	+0.000000
+0.385000	+0.232676	+0.731689	+0.000000
+0.386000	+0.233407	+0.731689	+0.000000
+0.387000	+0.234139	+0.731689	+0.000000
+0.388000	+0.234871	+0.731689	+0.000000
+0.389000	+0.235602	+0.731689	+0.000000
+0.390000	+0.236334	+0.731689	+0.000000
+0.391000	+0.237066	+0.731689	+0.000000
+0.392000	+0.237797	+0.731689	+0.000000
+0.393000	+0.238529	+0.731689	+0.000000
+0.394000	+0.239261	+0.731689	+0.000000
+0.395000	+0.239993	+0.731689	+0.000000
+0.396000	+0.240724	+0.731689	+0.000000
+0.397000	+0.241456	+0.731689	+0.000000
+0.398000	+0.242188	+0.731689	+0.000000
+0.399000	+0.242919	+0.731689	+0.000000
+0.400000	+0.243651	+0.731689	+0.000000
+0.401000	+0.244353	+0.701938	+0.000000
+0.402000	+0.245055	+0.701938	+0.000000
+0.403000	+0.245757	+0.701938	+0.000000
+0.404000	+0.246459	+0.701938	+0.000000
+0.405000	+0.247161	+0.701938	+0.000000
+0.406000	+0.247863	+0.701938	+0.000000
+0.407000	+0.248565	+0.701938	+0.000000
+0.408000	+0.249266	+0.701938	+0.000000
+0.409000	+0.249968	+0.701938	+0.000000
+0.410000	+0.250670	+0.701938	+0.000000
+0.411000	+0.251372	+0.701938	+0.000000
+0.412000	+0.252074	+0.701938	+0.000000
+0.413000	+0.252776	+0.701938	+0.000000
+0.414000	+0.253478	+0.701938	+0.000000
+0.415000	+0.254180	+0.701938	+0.000000
+0.416000	+0.254882	+0.701938	+0.000000
+0.417000	+0.255584	+0.701938	+0.000000
+0.418000	+0.256286	+0.701938	+0.000000
+0.419000	+0.256988	+0.701938	+0.000000
+0.420000	+0.257690	+0.701938	+0.000000
+0.421000	+0.258392	+0.701938	+0.000000
+0.422000	+0.259094	+0.701938	+0.000000
+0.423000	+0.259796	+0.701938	+0.000000
+0.424000	+0.260497	+0.701938	+0.000000
+0.425000	+0.261199	+0.701938	+0.000000
+0.426000	+0.261901	+0.701938	+0.000000
+0.427000	+0.262603	+0.701938	+0.000000
+0.428000	+0.263305	+0.701938	+0.000000
+0.429000	+0.264007	+0.701938	+0.000000
+0.430000	+0.264709	+0.701938	+0.000000
+0.431000	+0.265411	+0.701938	+0.000000
+0.432000	+0.266113	+0.701938	+0.000000
+0.433000	+0.266815	+0.701938	+0.000000
+0.434000	+0.267517	+0.701938	+0.000000
+0.435000	+0.268219	+0.701938	+0.000000
+0.436000	+0.268921	+0.701938	+0.000000
+0.437000	+0.269623	+0.701938	+0.000000
+0.438000	+0.270325	+0.701938	+0.000000
+0.439000	+0.271027	+0.701938	+0.000000
+0.440000	+0.271728	+0.701938	+0.000000
+0.441000	+0.272430	+0.701938	+0.000000
+0.442000	+0.273132	+0.701938	+0.000000
+0.443000	+0.273834	+0.701938	+0.000000
+0.444000	+0.274536	+0.701938	+0.000000
+0.445000	+0.275238	+0.701938	+0.000000
+0.446000	+0.275940	+0.701938	+0.000000
+0.447000	+0.276642	+0.701938	+0.000000
+0.448000	+0.277344	+0.701938	+0.000000
+0.449000	+0.278046	+0.701938	+0.000000
+0.450000	+0.278748	+0.701938	+0.000000
+0.451000	+0.279303	+0.555183	+0.000000
+0.452000	+0.279858	+0.555183	+0.000000
+0.453000	+0.280413	+0.555183	+0.000000
+0.454000	+0.280969	+0.555183	+0.000000
+0.455000	+0.281524	+0.555183	+0.000000
+0.456000	+0.282079	+0.555183	+0.000000
+0.457000	+0.282634	+0.555183	+0.000000
+0.458000	+0.283189	+0.555183	+0.000000
+0.459000	+0.283745	+0.555183	+0.000000
+0.460000	+0.284300	+0.555183	+0.000000
+0.461000	+0.284855	+0.555183	+0.000000
+0.462000	+0.285410	+0.555183	+0.000000
+0.463000	+0.285965	+0.555183	+0.000000
+0.464000	+0.286520	+0.555183	+0.000000
+0.465000	+0.287076	+0.555183	+0.000000
+0.466000	+0.287631	+0.555183	+0.000000
+0.467000	+0.288186	+0.555183	+0.000000
+0.468000	+0.288741	+0.555183	+0.000000
+0.469000	+0.289296	+0.555183	+0.000000
+0.470000	+0.289852	+0.555183	+0.000000
+0.471000	+0.290407	+0.555183	+0.000000
+0.472000	+0.290962	+0.555183	+0.000000
+0.473000	+0.291517	+0.555183	+0.000000
+0.474000	+0.292072	+0.555183	+0.000000
+0.475000	+0.292627	+0.555183	+0.000000
+0.476000	+0.293183	+0.555183	+0.000000
+0.477000	+0.293738	+0.555183	+0.000000
+0.478000	+0.294293	+0.555183	+0.000000
+0.479000	+0.294848	+0.555183	+0.000000
+0.480000	+0.295403	+0.555183	+0.000000
+0.481000	+0.295959	+0.555183	+0.000000
+0.482000	+0.296514	+0.555183	+0.000000
+0.483000	+0.297069	+0.555183	+0.000000
+0.484000	+0.297624	+0.555183	+0.000000
+0.485000	+0.298179	+0.555183	+0.000000
+0.486000	+0.298734	+0.555183	+0.000000
+0.487000	+0.299290	+0.555183	+0.000000
+0.488000	+0.299845	+0.555183	+0.000000
+0.489000	+0.300400	+0.555183	+0.000000
+0.490000	+0.300955	+0.555183	+0.000000
+0.491000	+0.301510	+0.555183	+0.000000
+0.492000	+0.302066	+0.555183	+0.000000
+0.493000	+0.302621	+0.555183	+0.000000
+0.494000	+0.303176	+0.555183	+0.000000
+0.495000	+0.303731	+0.555183	+0.000000
+0.496000	+0.304286	+0.555183	+0.000000
+0.497000	+0.304841	+0.555183	+0.000000
+0.498000	+0.305397	+0.555183	+0.000000
+0.499000	+0.305952	+0.555183	+0.000000
+0.500000	+0.306507	+0.555183	+0.000000
+0.501000	+0.306875	+0.367707	+0.000000
+0.502000	+0.307242	+0.367707	+0.000000
+0.503000	+0.307610	+0.367707	+0.000000
+0.504000	+0.307978	+0.367707	+0.000000
+0.505000	+0.308346	+0.367707	+0.000000
+0.506000	+0.308713	+0.367707	+0.000000
+0.507000	+0.309081	+0.367707	+0.000000
+0.508000	+0.309449	+0.367707	+0.000000
+0.509000	+0.309816	+0.367707	+0.000000
+0.510000	+0.310184	+0.367707	+0.000000
+0.511000	+0.310552	+0.367707	+0.000000
+0.512000	+0.310919	+0.367707	+0.000000
+0.513000	+0.311287	+0.367707	+0.000000
+0.514000	+0.311655	+0.367707	+0.000000
+0.515000	+0.312023	+0.367707	+0.000000
+0.516000	+0.312390	+0.367707	+0.000000
+0.517000	+0.312758	+0.367707	+0.000000
+0.518000	+0.313126	+0.367707	+0.000000
+0.519000	+0.313493	+0.367707	+0.000000
+0.520000	+0.313861	+0.367707	+0.000000
+0.521000	+0.314229	+0.367707	+0.000000
+0.522000	+0.314597	+0.367707	+0.000000
+0.523000	+0.314964	+0.367707	+0.000000
+0.524000	+0.315332	+0.367707	+0.000000
+0.525000	+0.315700	+0.367707	+0.000000
+0.526000	+0.316067	+0.367707	+0.000000
+0.527000	+0.316435	+0.367707	+0.000000
+0.528000	+0.316803	+0.367707	+0.000000
+0.529000	+0.317171	+0.367707	+0.000000
+0.530000	+0.317538	+0.367707	+0.000000
+0.531000	+0.317906	+0.367707	+0.000000
+0.532000	+0.318274	+0.367707	+0.000000
+0.533000	+0.318641	+0.367707	+0.000000
+0.534000	+0.319009	+0.367707	+0.000000
+0.535000	+0.319377	+0.367707	+0.000000
+0.536000	+0.319744	+0.367707	+0.000000
+0.537000	+0.320112	+0.367707	+0.000000
+0.538000	+0.320480	+0.367707	+0.000000
+0.539000	+0.320848	+0.367707	+0.000000
+0.540000	+0.321215	+0.367707	+0.000000
+0.541000	+0.321583	+0.367707	+0.000000
+0.542000	+0.321951	+0.367707	+0.000000
+0.543000	+0.322318	+0.367707	+0.000000
+0.544000	+0.322686	+0.367707	+0.000000
+0.545000	+0.323054	+0.367707	+0.000000
+0.546000	+0.323422	+0.367707	+0.000000
+0.547000	+0.323789	+0.367707	+0.000000
+0.548000	+0.324157	+0.367707	+0.000000
+0.549000	+0.324525	+0.367707	+0.000000
+0.550000	+0.324892	+0.367707	+0.000000
+0.551000	+0.325144	+0.252124	+0.000000
+0.552000	+0.325397	+0.252124	+0.000000
+0.553000	+0.325649	+0.252124	+0.000000
+0.554000	+0.325901	+0.252124	+0.000000
+0.555000	+0.326153	+0.252124	+0.000000
+0.556000	+0.326405	+0.252124	+0.000000
+0.557000	+0.326657	+0.252124	+0.000000
+0.558000	+0.326909	+0.252124	+0.000000
+0.559000	+0.327161	+0.252124	+0.000000
+0.560000	+0.327414	+0.252124	+0.000000
+0.561000	+0.327666	+0.252124	+0.000000
+0.562000	+0.327918	+0.252124	+0.000000
+0.563000	+0.328170	+0.252124	+0.000000
+0.564000	+0.328422	+0.252124	+0.000000
+0.565000	+0.328674	+0.252124	+0.000000
+0.566000	+0.328926	+0.252124	+0.000000
+0.567000	+0.329178	+0.252124	+0.000000
+0.568000	+0.329431	+0.252124	+0.000000
+0.569000	+0.329683	+0.252124	+0.000000
+0.570000	+0.329935	+0.252124	+0.000000
+0.571000	+0.330187	+0.252124	+0.000000
+0.572000	+0.330439	+0.252124	+0.000000
+0.573000	+0.330691	+0.252124	+0.000000
+0.574000	+0.330943	+0.252124	+0.000000
+0.575000	+0.331195	+0.252124	+0.000000
+0.576000	+0.331448	+0.252124	+0.000000
+0.577000	+0.331700	+0.252124	+0.000000
+0.578000	+0.331952	+0.252124	+0.000000
+0.579000	+0.332204	+0.252124	+0.000000
+0.580000	+0.332456	+0.252124	+0.000000
+0.581000	+0.332708	+0.252124	+0.000000
+0.582000	+0.332960	+0.252124	+0.000000
+0.583000	+0.333212	+0.252124	+0.000000
+0.584000	+0.333465	+0.252124	+0.000000
+0.585000	+0.333717	+0.252124	+0.000000
+0.586000	+0.333969	+0.252124	+0.000000
+0.587000	+0.334221	+0.252124	+0.000000
+0.588000	+0.334473	+0.252124	+0.000000
+0.589000	+0.334725	+0.252124	+0.000000
+0.590000	+0.334977	+0.252124	+0.000000
+0.591000	+0.335229	+0.252124	+0.000000
+0.592000	+0.335482	+0.252124	+0.000000
+0.593000	+0.335734	+0.252124	+0.000000
+0.594000	+0.335986	+0.252124	+0.000000
+0.595000	+0.336238	+0.252124	+0.000000
+0.596000	+0.336490	+0.252124	+0.000000
+0.597000	+0.336742	+0.252124	+0.000000
+0.598000	+0.336994	+0.252124	+0.000000
+0.599000	+0.337246	+0.252124	+0.000000
+0.600000	+0.337499	+0.252124	+0.000000
+0.601000	+0.337832	+0.332991	+0.000000
+0.602000	+0.338165	+0.332991	+0.000000
+0.603000	+0.338497	+0.332991	+0.000000
+0.604000	+0.338830	+0.332991	+0.000000
+0.605000	+0.339163	+0.332991	+0.000000
+0.606000	+0.339496	+0.332991	+0.000000
+0.607000	+0.339829	+0.332991	+0.000000
+0.608000	+0.340162	+0.332991	+0.000000
+0.609000	+0.340495	+0.332991	+0.000000
+0.610000	+0.340828	+0.332991	+0.000000
+0.611000	+0.341161	+0.332991	+0.000000
+0.612000	+0.341494	+0.332991	+0.000000
+0.613000	+0.341827	+0.332991	+0.000000
+0.614000	+0.342160	+0.332991	+0.000000
+0.615000	+0.342493	+0.332991	+0.000000
+0.616000	+0.342826	+0.332991	+0.000000
+0.617000	+0.343159	+0.332991	+0.000000
+0.618000	+0.343492	+0.332991	+0.000000
+0.619000	+0.343825	+0.332991	+0.000000
+0.620000	+0.344158	+0.332991	+0.000000
+0.621000	+0.344491	+0.332991	+0.000000
+0.622000	+0.344824	+0.332991	+0.000000
+0.623000	+0.345157	+0.332991	+0.000000
+0.624000	+0.345490	+0.332991	+0.000000
+0.625000	+0.345823	+0.332991	+0.000000
+0.626000	+0.346156	+0.332991	+0.000000
+0.627000	+0.346489	+0.332991	+0.000000
+0.628000	+0.346822	+0.332991	+0.000000
+0.629000	+0.347155	+0.332991	+0.000000
+0.630000	+0.347488	+0.332991	+0.000000
+0.631000	+0.347821	+0.332991	+0.000000
+0.632000	+0.348154	+0.332991	+0.000000
+0.633000	+0.348487	+0.332991	+0.000000
+0.634000	+0.348820	+0.332991	+0.000000
+0.635000	+0.349153	+0.332991	+0.000000
+0.636000	+0.349486	+0.332991	+0.000000
+0.637000	+0.349819	+0.332991	+0.000000
+0.638000	+0.350152	+0.332991	+0.000000
+0.639000	+0.350485	+0.332991	+0.000000
+0.640000	+0.350818	+0.332991	+0.000000
+0.641000	+0.351151	+0.332991	+0.000000
+0.642000	+0.351484	+0.332991	+0.000000
+0.643000	+0.351817	+0.332991	+0.000000
+0.644000	+0.352150	+0.332991	+0.000000
+0.645000	+0.352483	+0.332991	+0.000000
+0.646000	+0.352816	+0.332991	+0.000000
+0.647000	+0.353149	+0.332991	+0.000000
+0.648000	+0.353482	+0.332991	+0.000000
+0.649000	+0.353815	+0.332991	+0.000000
+0.650000	+0.354148	+0.332991	+0.000000
+0.651000	+0.354806	+0.658029	+0.000000
+0.652000	+0.355464	+0.658029	+0.000000
+0.653000	+0.356122	+0.658029	+0.000000
+0.654000	+0.356780	+0.658029	+0.000000
+0.655000	+0.357438	+0.658029	+0.000000
+0.656000	+0.358096	+0.658029	+0.000000
+0.657000	+0.358754	+0.658029	+0.000000
+0.658000	+0.359412	+0.658029	+0.000000
+0.659000	+0.360070	+0.658029	+0.000000
+0.660000	+0.360728	+0.658029	+0.000000
+0.661000	+0.361386	+0.658029	+0.000000
+0.662000	+0.362044	+0.658029	+0.000000
+0.663000	+0.362702	+0.658029	+0.000000
+0.664000	+0.363360	+0.658029	+0.000000
+0.665000	+0.364018	+0.658029	+0.000000
+0.666000	+0.364677	+0.658029	+0.000000
+0.667000	+0.365335	+0.658029	+0.000000
+0.668000	+0.365993	+0.658029	+0.000000
+0.669000	+0.366651	+0.658029	+0.000000
+0.670000	+0.367309	+0.658029	+0.000000
+0.671000	+0.367967	+0.658029	+0.000000
+0.672000	+0.368625	+0.658029	+0.000000
+0.673000	+0.369283	+0.658029	+0.000000
+0.674000	+0.369941	+0.658029	+0.000000
+0.675000	+0.370599	+0.658029	+0.000000
+0.676000	+0.371257	+0.658029	+0.000000
+0.677000	+0.371915	+0.658029	+0.000000
+0.678000	+0.372573	+0.658029	+0.000000
+0.679000	+0.373231	+0.658029	+0.000000
+0.680000	+0.373889	+0.658029	+0.000000
+0.681000	+0.374547	+0.658029	+0.000000
+0.682000	+0.375205	+0.658029	+0.000000
+0.683000	+0.375863	+0.658029	+0.000000
+0.684000	+0.376521	+0.658029	+0.000000
+0.685000	+0.377179	+0.658029	+0.000000
+0.686000	+0.377837	+0.658029	+0.000000
+0.687000	+0.378495	+0.658029	+0.000000
+0.688000	+0.379153	+0.658029	+0.000000
+0.689000	+0.379811	+0.658029	+0.000000
+0.690000	+0.380469	+0.658029	+0.000000
+0.691000	+0.381127	+0.658029	+0.000000
+0.692000	+0.381785	+0.658029	+0.000000
+0.693000	+0.382443	+0.658029	+0.000000
+0.694000	+0.383101	+0.658029	+0.000000
+0.695000	+0.383759	+0.658029	+0.000000
+0.696000	+0.384417	+0.658029	+0.000000
+0.697000	+0.385075	+0.658029	+0.000000
+0.698000	+0.385733	+0.658029	+0.000000
+0.699000	+0.386391	+0.658029	+0.000000
+0.700000	+0.387049	+0.658029	+0.000000
+0.701000	+0.387740	+0.690258	+0.000000
+0.702000	+0.388430	+0.690258	+0.000000
+0.703000	+0.389120	+0.690258	+0.000000
+0.704000	+0.389811	+0.690258	+0.000000
+0.705000	+0.390501	+0.690258	+0.000000
+0.706000	+0.391191	+0.690258	+0.000000
+0.707000	+0.391881	+0.690258	+0.000000
+0.708000	+0.392572	+0.690258	+0.000000
+0.709000	+0.393262	+0.690258	+0.000000
+0.710000	+0.393952	+0.690258	+0.000000
+0.711000	+0.394642	+0.690258	+0.000000
+0.712000	+0.395333	+0.690258	+0.000000
+0.713000	+0.396023	+0.690258	+0.000000
+0.714000	+0.396713	+0.690258	+0.000000
+0.715000	+0.397403	+0.690258	+0.000000
+0.716000	+0.398094	+0.690258	+0.000000
+0.717000	+0.398784	+0.690258	+0.000000
+0.718000	+0.399474	+0.690258	+0.000000
+0.719000	+0.400164	+0.690258	+0.000000
+0.720000	+0.400855	+0.690258	+0.000000
+0.721000	+0.401545	+0.690258	+0.000000
+0.722000	+0.402235	+0.690258	+0.000000
+0.723000	+0.402925	+0.690258	+0.000000
+0.724000	+0.403616	+0.690258	+0.000000
+0.725000	+0.404306	+0.690258	+0.000000
+0.726000	+0.404996	+0.690258	+0.000000
+0.727000	+0.405686	+0.690258	+0.000000
+0.728000	+0.406377	+0.690258	+0.000000
+0.729000	+0.407067	+0.690258	+0.000000
+0.730000	+0.407757	+0.690258	+0.000000
+0.731000	+0.408447	+0.690258	+0.000000
+0.732000	+0.409138	+0.690258	+0.000000
+0.733000	+0.409828	+0.690258	+0.000000
+0.734000	+0.410518	+0.690258	+0.000000
+0.735000	+0.411209	+0.690258	+0.000000
+0.736000	+0.411899	+0.690258	+0.000000
+0.737000	+0.412589	+0.690258	+0.000000
+0.738000	+0.413279	+0.690258	+0.000000
+0.739000	+0.413970	+0.690258	+0.000000
+0.740000	+0.414660	+0.690258	+0.000000
+0.741000	+0.415350	+0.690258	+0.000000
+0.742000	+0.416040	+0.690258	+0.000000
+0.743000	+0.416731	+0.690258	+0.000000
+0.744000	+0.417421	+0.690258	+0.000000
+0.745000	+0.418111	+0.690258	+0.000000
+0.746000	+0.418801	+0.690258	+0.000000
+0.747000	+0.419492	+0.690258	+0.000000
+0.748000	+0.420182	+0.690258	+0.000000
+0.749000	+0.420872	+0.690258	+0.000000
+0.750000	+0.421562	+0.690258	+0.000000
+0.751000	+0.422036	+0.473394	+0.000000
+0.752000	+0.422509	+0.473394	+0.000000
+0.753000	+0.422983	+0.473394	+0.000000
+0.754000	+0.423456	+0.473394	+0.000000
+0.755000	+0.423929	+0.473394	+0.000000
+0.756000	+0.424403	+0.473394	+0.000000
+0.757000	+0.424876	+0.473394	+0.000000
+0.758000	+0.425350	+0.473394	+0.000000
+0.759000	+0.425823	+0.473394	+0.000000
+0.760000	+0.426296	+0.473394	+0.000000
+0.761000	+0.426770	+0.473394	+0.000000
+0.762000	+0.427243	+0.473394	+0.000000
+0.763000	+0.427717	+0.473394	+0.000000
+0.764000	+0.428190	+0.473394	+0.000000
+0.765000	+0.428663	+0.473394	+0.000000
+0.766000	+0.429137	+0.473394	+0.000000
+0.767000	+0.429610	+0.473394	+0.000000
+0.768000	+0.430083	+0.473394	+0.000000
+0.769000	+0.430557	+0.473394	+0.000000
+0.770000	+0.431030	+0.473394	+0.000000
+0.771000	+0.431504	+0.473394	+0.000000
+0.772000	+0.431977	+0.473394	+0.000000
+0.773000	+0.432450	+0.473394	+0.000000
+0.774000	+0.432924	+0.473394	+0.000000
+0.775000	+0.433397	+0.473394	+0.000000
+0.776000	+0.433871	+0.473394	+0.000000
+0.777000	+0.434344	+0.473394	+0.000000
+0.778000	+0.434817	+0.473394	+0.000000
+0.779000	+0.435291	+0.473394	+0.000000
+0.780000	+0.435764	+0.473394	+0.000000
+0.781000	+0.436238	+0.473394	+0.000000
+0.782000	+0.436711	+0.473394	+0.000000
+0.783000	+0.437184	+0.473394	+0.000000
+0.784000	+0.437658	+0.473394	+0.000000
+0.785000	+0.438131	+0.473394	+0.000000
+0.786000	+0.438605	+0.473394	+0.000000
+0.787000	+0.439078	+0.473394	+0.000000
+0.788000	+0.439551	+0.473394	+0.000000
+0.789000	+0.440025	+0.473394	+0.000000
+0.790000	+0.440498	+0.473394	+0.000000
+0.791000	+0.440972	+0.473394	+0.000000
+0.792000	+0.441445	+0.473394	+0.000000
+0.793000	+0.441918	+0.473394	+0.000000
+0.794000	+0.442392	+0.473394	+0.000000
+0.795000	+0.442865	+0.473394	+0.000000
+0.796000	+0.443339	+0.473394	+0.000000
+0.797000	+0.443812	+0.473394	+0.000000
+0.798000	+0.444285	+0.473394	+0.000000
+0.799000	+0.444759	+0.473394	+0.000000
+0.800000	+0.445232	+0.473394	+0.000000
+0.801000	+0.445352	+0.120351	+0.000000
+0.802000	+0.445473	+0.120351	+0.000000
+0.803000	+0.445593	+0.120351	+0.000000
+0.804000	+0.445713	+0.120351	+0.000000
+0.805000	+0.445834	+0.120351	+0.000000
+0.806000	+0.445954	+0.120351	+0.000000
+0.807000	+0.446075	+0.120351	+0.000000
+0.808000	+0.446195	+0.120351	+0.000000
+0.809000	+0.446315	+0.120351	+0.000000
+0.810000	+0.446436	+0.120351	+0.000000
+0.811000	+0.446556	+0.120351	+0.000000
+0.812000	+0.446676	+0.120351	+0.000000
+0.813000	+0.446797	+0.120351	+0.000000
+0.814000	+0.446917	+0.120351	+0.000000
+0.815000	+0.447037	+0.120351	+0.000000
+0.816000	+0.447158	+0.120351	+0.000000
+0.817000	+0.447278	+0.120351	+0.000000
+0.818000	+0.447398	+0.120351	+0.000000
+0.819000	+0.447519	+0.120351	+0.000000
+0.820000	+0.447639	+0.120351	+0.000000
+0.821000	+0.447759	+0.120351	+0.000000
+0.822000	+0.447880	+0.120351	+0.000000
+0.823000	+0.448000	+0.120351	+0.000000
+0.824000	+0.448121	+0.120351	+0.000000
+0.825000	+0.448241	+0.120351	+0.000000
+0.826000	+0.448361	+0.120351	+0.000000
+0.827000	+0.448482	+0.120351	+0.000000
+0.828000	+0.448602	+0.120351	+0.000000
+0.829000	+0.448722	+0.120351	+0.000000
+0.830000	+0.448843	+0.120351	+0.000000
+0.831000	+0.448963	+0.120351	+0.000000
+0.832000	+0.449083	+0.120351	+0.000000
+0.833000	+0.449204	+0.120351	+0.000000
+0.834000	+0.449324	+0.120351	+0.000000
+0.835000	+0.449444	+0.120351	+0.000000
+0.836000	+0.449565	+0.120351	+0.000000
+0.837000	+0.449685	+0.120351	+0.000000
+0.838000	+0.449805	+0.120351	+0.000000
+0.839000	+0.449926	+0.120351	+0.000000
+0.840000	+0.450046	+0.120351	+0.000000
+0.841000	+0.450166	+0.120351	+0.000000
+0.842000	+0.450287	+0.120351	+0.000000
+0.843000	+0.450407	+0.120351	+0.000000
+0.844000	+0.450528	+0.120351	+0.000000
+0.845000	+0.450648	+0.120351	+0.000000
+0.846000	+0.450768	+0.120351	+0.000000
+0.847000	+0.450889	+0.120351	+0.000000
+0.848000	+0.451009	+0.120351	+0.000000
+0.849000	+0.451129	+0.120351	+0.000000
+0.850000	+0.451250	+0.120351	+0.000000
+0.851000	+0.451046	-0.204151	+0.000000
+0.852000	+0.450841	-0.204151	+0.000000
+0.853000	+0.450637	-0.204151	+0.000000
+0.854000	+0.450433	-0.204151	+0.000000
+0.855000	+0.450229	-0.204151	+0.000000
+0.856000	+0.450025	-0.204151	+0.000000
+0.857000	+0.449821	-0.204151	+0.000000
+0.858000	+0.449616	-0.204151	+0.000000
+0.859000	+0.449412	-0.204151	+0.000000
+0.860000	+0.449208	-0.204151	+0.000000
+0.861000	+0.449004	-0.204151	+0.000000
+0.862000	+0.448800	-0.204151	+0.000000
+0.863000	+0.448596	-0.204151	+0.000000
+0.864000	+0.448392	-0.204151	+0.000000
+0.865000	+0.448187	-0.204151	+0.000000
+0.866000	+0.447983	-0.204151	+0.000000
+0.867000	+0.447779	-0.204151	+0.000000
+0.868000	+0.447575	-0.204151	+0.000000
+0.869000	+0.447371	-0.204151	+0.000000
+0.870000	+0.447167	-0.204151	+0.000000
+0.871000	+0.446962	-0.204151	+0.000000
+0.872000	+0.446758	-0.204151	+0.000000
+0.873000	+0.446554	-0.204151	+0.000000
+0.874000	+0.446350	-0.204151	+0.000000
+0.875000	+0.446146	-0.204151	+0.000000
+0.876000	+0.445942	-0.204151	+0.000000
+0.877000	+0.445738	-0.204151	+0.000000
+0.878000	+0.445533	-0.204151	+0.000000
+0.879000	+0.445329	-0.204151	+0.000000
+0.880000	+0.445125	-0.204151	+0.000000
+0.881000	+0.444921	-0.204151	+0.000000
+0.882000	+0.444717	-0.204151	+0.000000
+0.883000	+0.444513	-0.204151	+0.000000
+0.884000	+0.444309	-0.204151	+0.000000
+0.885000	+0.444104	-0.204151	+0.000000
+0.886000	+0.443900	-0.204151	+0.000000
+0.887000	+0.443696	-0.204151	+0.000000
+0.888000	+0.443492	-0.204151	+0.000000
+0.889000	+0.443288	-0.204151	+0.000000
+0.890000	+0.443084	-0.204151	+0.000000
+0.891000	+0.442879	-0.204151	+0.000000
+0.892000	+0.442675	-0.204151	+0.000000
+0.893000	+0.442471	-0.204151	+0.000000
+0.894000	+0.442267	-0.204151	+0.000000
+0.895000	+0.442063	-0.204151	+0.000000
+0.896000	+0.441859	-0.204151	+0.000000
+0.897000	+0.441655	-0.204151	+0.000000
+0.898000	+0.441450	-0.204151	+0.000000
+0.899000	+0.441246	-0.204151	+0.000000
+0.900000	+0.441042	-0.204151	+0.000000
+0.901000	+0.440725	-0.317011	+0.000000
+0.902000	+0.440408	-0.317011	+0.000000
+0.903000	+0.440091	-0.317011	+0.000000
+0.904000	+0.439774	-0.317011	+0.000000
+0.905000	+0.439457	-0.317011	+0.000000
+0.906000	+0.439140	-0.317011	+0.000000
+0.907000	+0.438823	-0.317011	+0.000000
+0.908000	+0.438506	-0.317011	+0.000000
+0.909000	+0.438189	-0.317011	+0.000000
+0.910000	+0.437872	-0.317011	+0.000000
+0.911000	+0.437555	-0.317011	+0.000000
+0.912000	+0.437238	-0.317011	+0.000000
+0.913000	+0.436921	-0.317011	+0.000000
+0.914000	+0.436604	-0.317011	+0.000000
+0.915000	+0.436287	-0.317011	+0.000000
+0.916000	+0.435970	-0.317011	+0.000000
+0.917000	+0.435653	-0.317011	+0.000000
+0.918000	+0.435336	-0.317011	+0.000000
+0.919000	+0.435019	-0.317011	+0.000000
+0.920000	+0.434702	-0.317011	+0.000000
+0.921000	+0.434385	-0.317011	+0.000000
+0.922000	+0.434068	-0.317011	+0.000000
+0.923000	+0.433751	-0.317011	+0.000000
+0.924000	+0.433434	-0.317011	+0.000000
+0.925000	+0.433117	-0.317011	+0.000000
+0.926000	+0.432800	-0.317011	+0.000000
+0.927000	+0.432483	-0.317011	+0.000000
+0.928000	+0.432166	-0.317011	+0.000000
+0.929000	+0.431849	-0.317011	+0.000000
+0.930000	+0.431532	-0.317011	+0.000000
+0.931000	+0.431215	-0.317011	+0.000000
+0.932000	+0.430898	-0.317011	+0.000000
+0.933000	+0.430581	-0.317011	+0.000000
+0.934000	+0.430264	-0.317011	+0.000000
+0.935000	+0.429947	-0.317011	+0.000000
+0.936000	+0.429630	-0.317011	+0.000000
+0.937000	+0.429313	-0.317011	+0.000000
+0.938000	+0.428996	-0.317011	+0.000000
+0.939000	+0.428679	-0.317011	+0.000000
+0.940000	+0.428362	-0.317011	+0.000000
+0.941000	+0.428045	-0.317011	+0.000000
+0.942000	+0.427728	-0.317011	+0.000000
+0.943000	+0.427411	-0.317011	+0.000000
+0.944000	+0.427094	-0.317011	+0.000000
+0.945000	+0.426777	-0.317011	+0.000000
+0.946000	+0.426460	-0.317011	+0.000000
+0.947000	+0.426143	-0.317011	+0.000000
+0.948000	+0.425826	-0.317011	+0.000000
+0.949000	+0.425509	-0.317011	+0.000000
+0.950000	+0.425192	-0.317011	+0.000000
+0.951000	+0.425133	-0.058330	+0.000000
+0.952000	+0.425075	-0.058330	+0.000000
+0.953000	+0.425017	-0.058330	+0.000000
+0.954000	+0.424958	-0.058330	+0.000000
+0.955000	+0.424900	-0.058330	+0.000000
+0.956000	+0.424842	-0.058330	+0.000000
+0.957000	+0.424783	-0.058330	+0.000000
+0.958000	+0.424725	-0.058330	+0.000000
+0.959000	+0.424667	-0.058330	+0.000000
+0.960000	+0.424608	-0.058330	+0.000000
+0.961000	+0.424550	-0.058330	+0.000000
+0.962000	+0.424492	-0.058330	+0.000000
+0.963000	+0.424433	-0.058330	+0.000000
+0.964000	+0.424375	-0.058330	+0.000000
+0.965000	+0.424317	-0.058330	+0.000000
+0.966000	+0.424258	-0.058330	+0.000000
+0.967000	+0.424200	-0.058330	+0.000000
+0.968000	+0.424142	-0.058330	+0.000000
+0.969000	+0.424083	-0.058330	+0.000000
+0.970000	+0.424025	-0.058330	+0.000000
+0.971000	+0.423967	-0.058330	+0.000000
+0.972000	+0.423908	-0.058330	+0.000000
+0.973000	+0.423850	-0.058330	+0.000000
+0.974000	+0.423792	-0.058330	+0.000000
+0.975000	+0.423733	-0.058330	+0.000000
+0.976000	+0.423675	-0.058330	+0.000000
+0.977000	+0.423617	-0.058330	+0.000000
+0.978000	+0.423558	-0.058330	+0.000000
+0.979000	+0.423500	-0.058330	+0.000000
+0.980000	+0.423442	-0.058330	+0.000000
+0.981000	+0.423383	-0.058330	+0.000000
+0.982000	+0.423325	-0.058330	+0.000000
+0.983000	+0.423267	-0.058330	+0.000000
+0.984000	+0.423208	-0.058330	+0.000000
+0.985000	+0.423150	-0.058330	+0.000000
+0.986000	+0.423092	-0.058330	+0.000000
+0.987000	+0.423033	-0.058330	+0.000000
+0.988000	+0.422975	-0.058330	+0.000000
+0.989000	+0.422917	-0.058330	+0.000000
+0.990000	+0.422858	-0.058330	+0.000000
+0.991000	+0.422800	-0.058330	+0.000000
+0.992000	+0.422742	-0.058330	+0.000000
+0.993000	+0.422683	-0.058330	+0.000000
+0.994000	+0.422625	-0.058330	+0.000000
+0.995000	+0.422567	-0.058330	+0.000000
+0.996000	+0.422508	-0.058330	+0.000000
+0.997000	+0.422450	-0.058330	+0.000000
+0.998000	+0.422392	-0.058330	+0.000000
+0.999000	+0.422333	-0.058330	+0.000000
+1.000000	+0.422275	-0.058330	+0.000000
