a=	-1.000000	b=	+1.000000	n=	+40	h=	+0.050000
x	g(x)	g'(x)	g''(x)
-1.000000	-0.036960	+0.001357	+0.000000
-0.999000	-0.036958	+0.001357	+0.000000
-0.998000	-0.036957	+0.001357	+0.000000
-0.997000	-0.036956	+0.001357	+0.000000
-0.996000	-0.036954	+0.001357	+0.000000
-0.995000	-0.036953	+0.001357	+0.000000
-0.994000	-0.036951	+0.001357	+0.000000
-0.993000	-0.036950	+0.001357	+0.000000
-0.992000	-0.036949	+0.001357	+0.000000
-0.991000	-0.036947	+0.001357	+0.000000
-0.990000	-0.036946	+0.001357	+0.000000
-0.989000	-0.036945	+0.001357	+0.000000
-0.988000	-0.036943	+0.001357	+0.000000
-0.987000	-0.036942	+0.001357	+0.000000
-0.986000	-0.036941	+0.001357	+0.000000
-0.985000	-0.036939	+0.001357	+0.000000
-0.984000	-0.036938	+0.001357	+0.000000
-0.983000	-0.036937	+0.001357	+0.000000
-0.982000	-0.036935	+0.001357	+0.000000
-0.981000	-0.036934	+0.001357	+0.000000
-0.980000	-0.036932	+0.001357	+0.000000
-0.979000	-0.036931	+0.001357	+0.000000
-0.978000	-0.036930	+0.001357	+0.000000
-0.977000	-0.036928	+0.001357	+0.000000
-0.976000	-0.036927	+0.001357	+0.000000
-0.975000	-0.036926	+0.001357	+0.000000
-0.974000	-0.036924	+0.001357	+0.000000
-0.973000	-0.036923	+0.001357	+0.000000
-0.972000	-0.036922	+0.001357	+0.000000
-0.971000	-0.036920	+0.001357	+0.000000
-0.970000	-0.036919	+0.001357	+0.000000
-0.969000	-0.036918	+0.001357	+0.000000
-0.968000	-0.036916	+0.001357	+0.000000
-0.967000	-0.036915	+0.001357	+0.000000
-0.966000	-0.036913	+0.001357	+0.000000
-0.965000	-0.036912	+0.001357	+0.000000
-0.964000	-0.036911	+0.001357	+0.000000
-0.963000	-0.036909	+0.001357	+0.000000
-0.962000	-0.036908	+0.001357	+0.000000
-0.961000	-0.036907	+0.001357	+0.000000
-0.960000	-0.036905	+0.001357	+0.000000
-0.959000	-0.036904	+0.001357	+0.000000
-0.958000	-0.036903	+0.001357	+0.000000
-0.957000	-0.036901	+0.001357	+0.000000
-0.956000	-0.036900	+0.001357	+0.000000
-0.955000	-0.036899	+0.001357	+0.000000
-0.954000	-0.036897	+0.001357	+0.000000
-0.953000	-0.036896	+0.001357	+0.000000
-0.952000	-0.036894	+0.001357	+0.000000
-0.951000	-0.036893	+0.001357	+0.000000
-0.950000	-0.036892	+0.001357	+0.000000
-0.949000	-0.036889	+0.002666	+0.000000
-0.948000	-0.036886	+0.002666	+0.000000
-0.947000	-0.036884	+0.002666	+0.000000
-0.946000	-0.036881	+0.002666	+0.000000
-0.945000	-0.036878	+0.002666	+0.000000
-0.944000	-0.036876	+0.002666	+0.000000
-0.943000	-0.036873	+0.002666	+0.000000
-0.942000	-0.036870	+0.002666	+0.000000
-0.941000	-0.036868	+0.002666	+0.000000
-0.940000	-0.036865	+0.002666	+0.000000
-0.939000	-0.036862	+0.002666	+0.000000
-0.938000	-0.036860	+0.002666	+0.000000
-0.937000	-0.036857	+0.002666	+0.000000
-0.936000	-0.036854	+0.002666	+0.000000
-0.935000	-0.036852	+0.002666	+0.000000
-0.934000	-0.036849	+0.002666	+0.000000
-0.933000	-0.036846	+0.002666	+0.000000
-0.932000	-0.036844	+0.002666	+0.000000
-0.931000	-0.036841	+0.002666	+0.000000
-0.930000	-0.036838	+0.002666	+0.000000
-0.929000	-0.036836	+0.002666	+0.000000
-0.928000	-0.036833	+0.002666	+0.000000
-0.927000	-0.036830	+0.002666	+0.000000
-0.926000	-0.036828	+0.002666	+0.000000
-0.925000	-0.036825	+0.002666	+0.000000
-0.924000	-0.036822	+0.002666	+0.000000
-0.923000	-0.036820	+0.002666	+0.000000
-0.922000	-0.036817	+0.002666	+0.000000
-0.921000	-0.036814	+0.002666	+0.000000
-0.920000	-0.036812	+0.002666	+0.000000
-0.919000	-0.036809	+0.002666	+0.000000
-0.918000	-0.036806	+0.002666	+0.000000
-0.917000	-0.036804	+0.002666	+0.000000
-0.916000	-0.036801	+0.002666	+0.000000
-0.915000	-0.036798	+0.002666	+0.000000
-0.914000	-0.036796	+0.002666	+0.000000
-0.913000	-0.036793	+0.002666	+0.000000
-0.912000	-0.036790	+0.002666	+0.000000
-0.911000	-0.036788	+0.002666	+0.000000
-0.910000	-0.036785	+0.002666	+0.000000
-0.909000	-0.036782	+0.002666	+0.000000
-0.908000	-0.036780	+0.002666	+0.000000
-0.907000	-0.036777	+0.002666	+0.000000
-0.906000	-0.036774	+0.002666	+0.000000
-0.905000	-0.036772	+0.002666	+0.000000
-0.904000	-0.036769	+0.002666	+0.000000
-0.903000	-0.036766	+0.002666	+0.000000
-0.902000	-0.036764	+0.002666	+0.000000
-0.901000	-0.036761	+0.002666	+0.000000
-0.900000	-0.036758	+0.002666	+0.000000
-0.899000	-0.036751	+0.007890	+0.000000
-0.898000	-0.036743	+0.007890	+0.000000
-0.897000	-0.036735	+0.007890	+0.000000
-0.896000	-0.036727	+0.007890	+0.000000
-0.895000	-0.036719	+0.007890	+0.000000
-0.894000	-0.036711	+0.007890	+0.000000
-0.893000	-0.036703	+0.007890	+0.000000
-0.892000	-0.036695	+0.007890	+0.000000
-0.891000	-0.036687	+0.007890	+0.000000
-0.890000	-0.036680	+0.007890	+0.000000
-0.889000	-0.036672	+0.007890	+0.000000
-0.888000	-0.036664	+0.007890	+0.000000
-0.887000	-0.036656	+0.007890	+0.000000
-0.886000	-0.036648	+0.007890	+0.000000
-0.885000	-0.036640	+0.007890	+0.000000
-0.884000	-0.036632	+0.007890	+0.000000
-0.883000	-0.036624	+0.007890	+0.000000
-0.882000	-0.036616	+0.007890	+0.000000
-0.881000	-0.036609	+0.007890	+0.000000
-0.880000	-0.036601	+0.007890	+0.000000
-0.879000	-0.036593	+0.007890	+0.000000
-0.878000	-0.036585	+0.007890	+0.000000
-0.877000	-0.036577	+0.007890	+0.000000
-0.876000	-0.036569	+0.007890	+0.000000
-0.875000	-0.036561	+0.007890	+0.000000
-0.874000	-0.036553	+0.007890	+0.000000
-0.873000	-0.036545	+0.007890	+0.000000
-0.872000	-0.036538	+0.007890	+0.000000
-0.871000	-0.036530	+0.007890	+0.000000
-0.870000	-0.036522	+0.007890	+0.000000
-0.869000	-0.036514	+0.007890	+0.000000
-0.868000	-0.036506	+0.007890	+0.000000
-0.867000	-0.036498	+0.007890	+0.000000
-0.866000	-0.036490	+0.007890	+0.000000
-0.865000	-0.036482	+0.007890	+0.000000
-0.864000	-0.036474	+0.007890	+0.000000
-0.863000	-0.036467	+0.007890	+0.000000
-0.862000	-0.036459	+0.007890	+0.000000
-0.861000	-0.036451	+0.007890	+0.000000
-0.860000	-0.036443	+0.007890	+0.000000
-0.859000	-0.036435	+0.007890	+0.000000
-0.858000	-0.036427	+0.007890	+0.000000
-0.857000	-0.036419	+0.007890	+0.000000
-0.856000	-0.036411	+0.007890	+0.000000
-0.855000	-0.036403	+0.007890	+0.000000
-0.854000	-0.036396	+0.007890	+0.000000
-0.853000	-0.036388	+0.007890	+0.000000
-0.852000	-0.036380	+0.007890	+0.000000
-0.851000	-0.036372	+0.007890	+0.000000
-0.850000	-0.036364	+0.007890	+0.000000
-0.849000	-0.036349	+0.015358	+0.000000
-0.848000	-0.036333	+0.015358	+0.000000
-0.847000	-0.036318	+0.015358	+0.000000
-0.846000	-0.036303	+0.015358	+0.000000
-0.845000	-0.036287	+0.015358	+0.000000
-0.844000	-0.036272	+0.015358	+0.000000
-0.843000	-0.036256	+0.015358	+0.000000
-0.842000	-0.036241	+0.015358	+0.000000
-0.841000	-0.036226	+0.015358	+0.000000
-0.840000	-0.036210	+0.015358	+0.000000
-0.839000	-0.036195	+0.015358	+0.000000
-0.838000	-0.036180	+0.015358	+0.000000
-0.837000	-0.036164	+0.015358	+0.000000
-0.836000	-0.036149	+0.015358	+0.000000
-0.835000	-0.036134	+0.015358	+0.000000
-0.834000	-0.036118	+0.015358	+0.000000
-0.833000	-0.036103	+0.015358	+0.000000
-0.832000	-0.036088	+0.015358	+0.000000
-0.831000	-0.036072	+0.015358	+0.000000
-0.830000	-0.036057	+0.015358	+0.000000
-0.829000	-0.036041	+0.015358	+0.000000
-0.828000	-0.036026	+0.015358	+0.000000
-0.827000	-0.036011	+0.015358	+0.000000
-0.826000	-0.035995	+0.015358	+0.000000
-0.825000	-0.035980	+0.015358	+0.000000
-0.824000	-0.035965	+0.015358	+0.000000
-0.823000	-0.035949	+0.015358	+0.000000
-0.822000	-0.035934	+0.015358	+0.000000
-0.821000	-0.035919	+0.015358	+0.000000
-0.820000	-0.035903	+0.015358	+0.000000
-0.819000	-0.035888	+0.015358	+0.000000
-0.818000	-0.035873	+0.015358	+0.000000
-0.817000	-0.035857	+0.015358	+0.000000
-0.816000	-0.035842	+0.015358	+0.000000
-0.815000	-0.035826	+0.015358	+0.000000
-0.814000	-0.035811	+0.015358	+0.000000
-0.813000	-0.035796	+0.015358	+0.000000
-0.812000	-0.035780	+0.015358	+0.000000
-0.811000	-0.035765	+0.015358	+0.000000
-0.810000	-0.035750	+0.015358	+0.000000
-0.809000	-0.035734	+0.015358	+0.000000
-0.808000	-0.035719	+0.015358	+0.000000
-0.807000	-0.035704	+0.015358	+0.000000
-0.806000	-0.035688	+0.015358	+0.000000
-0.805000	-0.035673	+0.015358	+0.000000
-0.804000	-0.035657	+0.015358	+0.000000
-0.803000	-0.035642	+0.015358	+0.000000
-0.802000	-0.035627	+0.015358	+0.000000
-0.801000	-0.035611	+0.015358	+0.000000
-0.800000	-0.035596	+0.015358	+0.000000
-0.799000	-0.035573	+0.023062	+0.000000
-0.798000	-0.035550	+0.023062	+0.000000
-0.797000	-0.035527	+0.023062	+0.000000
-0.796000	-0.035504	+0.023062	+0.000000
-0.795000	-0.035481	+0.023062	+0.000000
-0.794000	-0.035458	+0.023062	+0.000000
-0.793000	-0.035435	+0.023062	+0.000000
-0.792000	-0.035412	+0.023062	+0.000000
-0.791000	-0.035389	+0.023062	+0.000000
-0.790000	-0.035365	+0.023062	+0.000000
-0.789000	-0.035342	+0.023062	+0.000000
-0.788000	-0.035319	+0.023062	+0.000000
-0.787000	-0.035296	+0.023062	+0.000000
-0.786000	-0.035273	+0.023062	+0.000000
-0.785000	-0.035250	+0.023062	+0.000000
-0.784000	-0.035227	+0.023062	+0.000000
-0.783000	-0.035204	+0.023062	+0.000000
-0.782000	-0.035181	+0.023062	+0.000000
-0.781000	-0.035158	+0.023062	+0.000000
-0.780000	-0.035135	+0.023062	+0.000000
-0.779000	-0.035112	+0.023062	+0.000000
-0.778000	-0.035089	+0.023062	+0.000000
-0.777000	-0.035066	+0.023062	+0.000000
-0.776000	-0.035043	+0.023062	+0.000000
-0.775000	-0.035020	+0.023062	+0.000000
-0.774000	-0.034996	+0.023062	+0.000000
-0.773000	-0.034973	+0.023062	+0.000000
-0.772000	-0.034950	+0.023062	+0.000000
-0.771000	-0.034927	+0.023062	+0.000000
-0.770000	-0.034904	+0.023062	+0.000000
-0.769000	-0.034881	+0.023062	+0.000000
-0.768000	-0.034858	+0.023062	+0.000000
-0.767000	-0.034835	+0.023062	+0.000000
-0.766000	-0.034812	+0.023062	+0.000000
-0.765000	-0.034789	+0.023062	+0.000000
-0.764000	-0.034766	+0.023062	+0.000000
-0.763000	-0.034743	+0.023062	+0.000000
-0.762000	-0.034720	+0.023062	+0.000000
-0.761000	-0.034697	+0.023062	+0.000000
-0.760000	-0.034674	+0.023062	+0.000000
-0.759000	-0.034651	+0.023062	+0.000000
-0.758000	-0.034627	+0.023062	+0.000000
-0.757000	-0.034604	+0.023062	+0.000000
-0.756000	-0.034581	+0.023062	+0.000000
-0.755000	-0.034558	+0.023062	+0.000000
-0.754000	-0.034535	+0.023062	+0.000000
-0.753000	-0.034512	+0.023062	+0.000000
-0.752000	-0.034489	+0.023062	+0.000000
-0.751000	-0.034466	+0.023062	+0.000000
-0.750000	-0.034443	+0.023062	+0.000000
-0.749000	-0.034414	+0.029163	+0.000000
-0.748000	-0.034385	+0.029163	+0.000000
-0.747000	-0.034355	+0.029163	+0.000000
-0.746000	-0.034326	+0.029163	+0.000000
-0.745000	-0.034297	+0.029163	+0.000000
-0.744000	-0.034268	+0.029163	+0.000000
-0.743000	-0.034239	+0.029163	+0.000000
-0.742000	-0.034210	+0.029163	+0.000000
-0.741000	-0.034180	+0.029163	+0.000000
-0.740000	-0.034151	+0.029163	+0.000000
-0.739000	-0.034122	+0.029163	+0.000000
-0.738000	-0.034093	+0.029163	+0.000000
-0.737000	-0.034064	+0.029163	+0.000000
-0.736000	-0.034035	+0.029163	+0.000000
-0.735000	-0.034006	+0.029163	+0.000000
-0.734000	-0.033976	+0.029163	+0.000000
-0.733000	-0.033947	+0.029163	+0.000000
-0.732000	-0.033918	+0.029163	+0.000000
-0.731000	-0.033889	+0.029163	+0.000000
-0.730000	-0.033860	+0.029163	+0.000000
-0.729000	-0.033831	+0.029163	+0.000000
-0.728000	-0.033801	+0.029163	+0.000000
-0.727000	-0.033772	+0.029163	+0.000000
-0.726000	-0.033743	+0.029163	+0.000000
-0.725000	-0.033714	+0.029163	+0.000000
-0.724000	-0.033685	+0.029163	+0.000000
-0.723000	-0.033656	+0.029163	+0.000000
-0.722000	-0.033626	+0.029163	+0.000000
-0.721000	-0.033597	+0.029163	+0.000000
-0.720000	-0.033568	+0.029163	+0.000000
-0.719000	-0.033539	+0.029163	+0.000000
-0.718000	-0.033510	+0.029163	+0.000000
-0.717000	-0.033481	+0.029163	+0.000000
-0.716000	-0.033451	+0.029163	+0.000000
-0.715000	-0.033422	+0.029163	+0.000000
-0.714000	-0.033393	+0.029163	+0.000000
-0.713000	-0.033364	+0.029163	+0.000000
-0.712000	-0.033335	+0.029163	+0.000000
-0.711000	-0.033306	+0.029163	+0.000000
-0.710000	-0.033276	+0.029163	+0.000000
-0.709000	-0.033247	+0.029163	+0.000000
-0.708000	-0.033218	+0.029163	+0.000000
-0.707000	-0.033189	+0.029163	+0.000000
-0.706000	-0.033160	+0.029163	+0.000000
-0.705000	-0.033131	+0.029163	+0.000000
-0.704000	-0.033101	+0.029163	+0.000000
-0.703000	-0.033072	+0.029163	+0.000000
-0.702000	-0.033043	+0.029163	+0.000000
-0.701000	-0.033014	+0.029163	+0.000000
-0.700000	-0.032985	+0.029163	+0.000000
-0.699000	-0.032952	+0.032414	+0.000000
-0.698000	-0.032920	+0.032414	+0.000000
-0.697000	-0.032888	+0.032414	+0.000000
-0.696000	-0.032855	+0.032414	+0.000000
-0.695000	-0.032823	+0.032414	+0.000000
-0.694000	-0.032790	+0.032414	+0.000000
-0.693000	-0.032758	+0.032414	+0.000000
-0.692000	-0.032725	+0.032414	+0.000000
-0.691000	-0.032693	+0.032414	+0.000000
-0.690000	-0.032661	+0.032414	+0.000000
-0.689000	-0.032628	+0.032414	+0.000000
-0.688000	-0.032596	+0.032414	+0.000000
-0.687000	-0.032563	+0.032414	+0.000000
-0.686000	-0.032531	+0.032414	+0.000000
-0.685000	-0.032499	+0.032414	+0.000000
-0.684000	-0.032466	+0.032414	+0.000000
-0.683000	-0.032434	+0.032414	+0.000000
-0.682000	-0.032401	+0.032414	+0.000000
-0.681000	-0.032369	+0.032414	+0.000000
-0.680000	-0.032337	+0.032414	+0.000000
-0.679000	-0.032304	+0.032414	+0.000000
-0.678000	-0.032272	+0.032414	+0.000000
-0.677000	-0.032239	+0.032414	+0.000000
-0.676000	-0.032207	+0.032414	+0.000000
-0.675000	-0.032174	+0.032414	+0.000000
-0.674000	-0.032142	+0.032414	+0.000000
-0.673000	-0.032110	+0.032414	+0.000000
-0.672000	-0.032077	+0.032414	+0.000000
-0.671000	-0.032045	+0.032414	+0.000000
-0.670000	-0.032012	+0.032414	+0.000000
-0.669000	-0.031980	+0.032414	+0.000000
-0.668000	-0.031948	+0.032414	+0.000000
-0.667000	-0.031915	+0.032414	+0.000000
-0.666000	-0.031883	+0.032414	+0.000000
-0.665000	-0.031850	+0.032414	+0.000000
-0.664000	-0.031818	+0.032414	+0.000000
-0.663000	-0.031785	+0.032414	+0.000000
-0.662000	-0.031753	+0.032414	+0.000000
-0.661000	-0.031721	+0.032414	+0.000000
-0.660000	-0.031688	+0.032414	+0.000000
-0.659000	-0.031656	+0.032414	+0.000000
-0.658000	-0.031623	+0.032414	+0.000000
-0.657000	-0.031591	+0.032414	+0.000000
-0.656000	-0.031559	+0.032414	+0.000000
-0.655000	-0.031526	+0.032414	+0.000000
-0.654000	-0.031494	+0.032414	+0.000000
-0.653000	-0.031461	+0.032414	+0.000000
-0.652000	-0.031429	+0.032414	+0.000000
-0.651000	-0.031397	+0.032414	+0.000000
-0.650000	-0.031364	+0.032414	+0.000000
-0.649000	-0.031332	+0.032391	+0.000000
-0.648000	-0.031299	+0.032391	+0.000000
-0.647000	-0.031267	+0.032391	+0.000000
-0.646000	-0.031235	+0.032391	+0.000000
-0.645000	-0.031202	+0.032391	+0.000000
-0.644000	-0.031170	+0.032391	+0.000000
-0.643000	-0.031137	+0.032391	+0.000000
-0.642000	-0.031105	+0.032391	+0.000000
-0.641000	-0.031073	+0.032391	+0.000000
-0.640000	-0.031040	+0.032391	+0.000000
-0.639000	-0.031008	+0.032391	+0.000000
-0.638000	-0.030975	+0.032391	+0.000000
-0.637000	-0.030943	+0.032391	+0.000000
-0.636000	-0.030911	+0.032391	+0.000000
-0.635000	-0.030878	+0.032391	+0.000000
-0.634000	-0.030846	+0.032391	+0.000000
-0.633000	-0.030813	+0.032391	+0.000000
-0.632000	-0.030781	+0.032391	+0.000000
-0.631000	-0.030749	+0.032391	+0.000000
-0.630000	-0.030716	+0.032391	+0.000000
-0.629000	-0.030684	+0.032391	+0.000000
-0.628000	-0.030651	+0.032391	+0.000000
-0.627000	-0.030619	+0.032391	+0.000000
-0.626000	-0.030587	+0.032391	+0.000000
-0.625000	-0.030554	+0.032391	+0.000000
-0.624000	-0.030522	+0.032391	+0.000000
-0.623000	-0.030490	+0.032391	+0.000000
-0.622000	-0.030457	+0.032391	+0.000000
-0.621000	-0.030425	+0.032391	+0.000000
-0.620000	-0.030392	+0.032391	+0.000000
-0.619000	-0.030360	+0.032391	+0.000000
-0.618000	-0.030328	+0.032391	+0.000000
-0.617000	-0.030295	+0.032391	+0.000000
-0.616000	-0.030263	+0.032391	+0.000000
-0.615000	-0.030230	+0.032391	+0.000000
-0.614000	-0.030198	+0.032391	+0.000000
-0.613000	-0.030166	+0.032391	+0.000000
-0.612000	-0.030133	+0.032391	+0.000000
-0.611000	-0.030101	+0.032391	+0.000000
-0.610000	-0.030068	+0.032391	+0.000000
-0.609000	-0.030036	+0.032391	+0.000000
-0.608000	-0.030004	+0.032391	+0.000000
-0.607000	-0.029971	+0.032391	+0.000000
-0.606000	-0.029939	+0.032391	+0.000000
-0.605000	-0.029907	+0.032391	+0.000000
-0.604000	-0.029874	+0.032391	+0.000000
-0.603000	-0.029842	+0.032391	+0.000000
-0.602000	-0.029809	+0.032391	+0.000000
-0.601000	-0.029777	+0.032391	+0.000000
-0.600000	-0.029745	+0.032391	+0.000000
-0.599000	-0.029710	+0.034683	+0.000000
-0.598000	-0.029675	+0.034683	+0.000000
-0.597000	-0.029640	+0.034683	+0.000000
-0.596000	-0.029606	+0.034683	+0.000000
-0.595000	-0.029571	+0.034683	+0.000000
-0.594000	-0.029536	+0.034683	+0.000000
-0.593000	-0.029502	+0.034683	+0.000000
-0.592000	-0.029467	+0.034683	+0.000000
-0.591000	-0.029432	+0.034683	+0.000000
-0.590000	-0.029398	+0.034683	+0.000000
-0.589000	-0.029363	+0.034683	+0.000000
-0.588000	-0.029328	+0.034683	+0.000000
-0.587000	-0.029294	+0.034683	+0.000000
-0.586000	-0.029259	+0.034683	+0.000000
-0.585000	-0.029224	+0.034683	+0.000000
-0.584000	-0.029190	+0.034683	+0.000000
-0.583000	-0.029155	+0.034683	+0.000000
-0.582000	-0.029120	+0.034683	+0.000000
-0.581000	-0.029086	+0.034683	+0.000000
-0.580000	-0.029051	+0.034683	+0.000000
-0.579000	-0.029016	+0.034683	+0.000000
-0.578000	-0.028982	+0.034683	+0.000000
-0.577000	-0.028947	+0.034683	+0.000000
-0.576000	-0.028912	+0.034683	+0.000000
-0.575000	-0.028877	+0.034683	+0.000000
-0.574000	-0.028843	+0.034683	+0.000000
-0.573000	-0.028808	+0.034683	+0.000000
-0.572000	-0.028773	+0.034683	+0.000000
-0.571000	-0.028739	+0.034683	+0.000000
-0.570000	-0.028704	+0.034683	+0.000000
-0.569000	-0.028669	+0.034683	+0.000000
-0.568000	-0.028635	+0.034683	+0.000000
-0.567000	-0.028600	+0.034683	+0.000000
-0.566000	-0.028565	+0.034683	+0.000000
-0.565000	-0.028531	+0.034683	+0.000000
-0.564000	-0.028496	+0.034683	+0.000000
-0.563000	-0.028461	+0.034683	+0.000000
-0.562000	-0.028427	+0.034683	+0.000000
-0.561000	-0.028392	+0.034683	+0.000000
-0.560000	-0.028357	+0.034683	+0.000000
-0.559000	-0.028323	+0.034683	+0.000000
-0.558000	-0.028288	+0.034683	+0.000000
-0.557000	-0.028253	+0.034683	+0.000000
-0.556000	-0.028218	+0.034683	+0.000000
-0.555000	-0.028184	+0.034683	+0.000000
-0.554000	-0.028149	+0.034683	+0.000000
-0.553000	-0.028114	+0.034683	+0.000000
-0.552000	-0.028080	+0.034683	+0.000000
-0.551000	-0.028045	+0.034683	+0.000000
-0.550000	-0.028010	+0.034683	+0.000000
-0.549000	-0.027972	+0.038849	+0.000000
-0.548000	-0.027933	+0.038849	+0.000000
-0.547000	-0.027894	+0.038849	+0.000000
-0.546000	-0.027855	+0.038849	+0.000000
-0.545000	-0.027816	+0.038849	+0.000000
-0.544000	-0.027777	+0.038849	+0.000000
-0.543000	-0.027738	+0.038849	+0.000000
-0.542000	-0.027700	+0.038849	+0.000000
-0.541000	-0.027661	+0.038849	+0.000000
-0.540000	-0.027622	+0.038849	+0.000000
-0.539000	-0.027583	+0.038849	+0.000000
-0.538000	-0.027544	+0.038849	+0.000000
-0.537000	-0.027505	+0.038849	+0.000000
-0.536000	-0.027467	+0.038849	+0.000000
-0.535000	-0.027428	+0.038849	+0.000000
-0.534000	-0.027389	+0.038849	+0.000000
-0.533000	-0.027350	+0.038849	+0.000000
-0.532000	-0.027311	+0.038849	+0.000000
-0.531000	-0.027272	+0.038849	+0.000000
-0.530000	-0.027233	+0.038849	+0.000000
-0.529000	-0.027195	+0.038849	+0.000000
-0.528000	-0.027156	+0.038849	+0.000000
-0.527000	-0.027117	+0.038849	+0.000000
-0.526000	-0.027078	+0.038849	+0.000000
-0.525000	-0.027039	+0.038849	+0.000000
-0.524000	-0.027000	+0.038849	+0.000000
-0.523000	-0.026961	+0.038849	+0.000000
-0.522000	-0.026923	+0.038849	+0.000000
-0.521000	-0.026884	+0.038849	+0.000000
-0.520000	-0.026845	+0.038849	+0.000000
-0.519000	-0.026806	+0.038849	+0.000000
-0.518000	-0.026767	+0.038849	+0.000000
-0.517000	-0.026728	+0.038849	+0.000000
-0.516000	-0.026690	+0.038849	+0.000000
-0.515000	-0.026651	+0.038849	+0.000000
-0.514000	-0.026612	+0.038849	+0.000000
-0.513000	-0.026573	+0.038849	+0.000000
-0.512000	-0.026534	+0.038849	+0.000000
-0.511000	-0.026495	+0.038849	+0.000000
-0.510000	-0.026456	+0.038849	+0.000000
-0.509000	-0.026418	+0.038849	+0.000000
-0.508000	-0.026379	+0.038849	+0.000000
-0.507000	-0.026340	+0.038849	+0.000000
-0.506000	-0.026301	+0.038849	+0.000000
-0.505000	-0.026262	+0.038849	+0.000000
-0.504000	-0.026223	+0.038849	+0.000000
-0.503000	-0.026184	+0.038849	+0.000000
-0.502000	-0.026146	+0.038849	+0.000000
-0.501000	-0.026107	+0.038849	+0.000000
-0.500000	-0.026068	+0.038849	+0.000000
-0.499000	-0.026024	+0.043576	+0.000000
-0.498000	-0.025981	+0.043576	+0.000000
-0.497000	-0.025937	+0.043576	+0.000000
-0.496000	-0.025894	+0.043576	+0.000000
-0.495000	-0.025850	+0.043576	+0.000000
-0.494000	-0.025806	+0.043576	+0.000000
-0.493000	-0.025763	+0.043576	+0.000000
-0.492000	-0.025719	+0.043576	+0.000000
-0.491000	-0.025676	+0.043576	+0.000000
-0.490000	-0.025632	+0.043576	+0.000000
-0.489000	-0.025589	+0.043576	+0.000000
-0.488000	-0.025545	+0.043576	+0.000000
-0.487000	-0.025501	+0.043576	+0.000000
-0.486000	-0.025458	+0.043576	+0.000000
-0.485000	-0.025414	+0.043576	+0.000000
-0.484000	-0.025371	+0.043576	+0.000000
-0.483000	-0.025327	+0.043576	+0.000000
-0.482000	-0.025284	+0.043576	+0.000000
-0.481000	-0.025240	+0.043576	+0.000000
-0.480000	-0.025196	+0.043576	+0.000000
-0.479000	-0.025153	+0.043576	+0.000000
-0.478000	-0.025109	+0.043576	+0.000000
-0.477000	-0.025066	+0.043576	+0.000000
-0.476000	-0.025022	+0.043576	+0.000000
-0.475000	-0.024979	+0.043576	+0.000000
-0.474000	-0.024935	+0.043576	+0.000000
-0.473000	-0.024891	+0.043576	+0.000000
-0.472000	-0.024848	+0.043576	+0.000000
-0.471000	-0.024804	+0.043576	+0.000000
-0.470000	-0.024761	+0.043576	+0.000000
-0.469000	-0.024717	+0.043576	+0.000000
-0.468000	-0.024674	+0.043576	+0.000000
-0.467000	-0.024630	+0.043576	+0.000000
-0.466000	-0.024586	+0.043576	+0.000000
-0.465000	-0.024543	+0.043576	+0.000000
-0.464000	-0.024499	+0.043576	+0.000000
-0.463000	-0.024456	+0.043576	+0.000000
-0.462000	-0.024412	+0.043576	+0.000000
-0.461000	-0.024368	+0.043576	+0.000000
-0.460000	-0.024325	+0.043576	+0.000000
-0.459000	-0.024281	+0.043576	+0.000000
-0.458000	-0.024238	+0.043576	+0.000000
-0.457000	-0.024194	+0.043576	+0.000000
-0.456000	-0.024151	+0.043576	+0.000000
-0.455000	-0.024107	+0.043576	+0.000000
-0.454000	-0.024063	+0.043576	+0.000000
-0.453000	-0.024020	+0.043576	+0.000000
-0.452000	-0.023976	+0.043576	+0.000000
-0.451000	-0.023933	+0.043576	+0.000000
-0.450000	-0.023889	+0.043576	+0.000000
-0.449000	-0.023842	+0.047632	+0.000000
-0.448000	-0.023794	+0.047632	+0.000000
-0.447000	-0.023746	+0.047632	+0.000000
-0.446000	-0.023699	+0.047632	+0.000000
-0.445000	-0.023651	+0.047632	+0.000000
-0.444000	-0.023603	+0.047632	+0.000000
-0.443000	-0.023556	+0.047632	+0.000000
-0.442000	-0.023508	+0.047632	+0.000000
-0.441000	-0.023460	+0.047632	+0.000000
-0.440000	-0.023413	+0.047632	+0.000000
-0.439000	-0.023365	+0.047632	+0.000000
-0.438000	-0.023318	+0.047632	+0.000000
-0.437000	-0.023270	+0.047632	+0.000000
-0.436000	-0.023222	+0.047632	+0.000000
-0.435000	-0.023175	+0.047632	+0.000000
-0.434000	-0.023127	+0.047632	+0.000000
-0.433000	-0.023079	+0.047632	+0.000000
-0.432000	-0.023032	+0.047632	+0.000000
-0.431000	-0.022984	+0.047632	+0.000000
-0.430000	-0.022937	+0.047632	+0.000000
-0.429000	-0.022889	+0.047632	+0.000000
-0.428000	-0.022841	+0.047632	+0.000000
-0.427000	-0.022794	+0.047632	+0.000000
-0.426000	-0.022746	+0.047632	+0.000000
-0.425000	-0.022698	+0.047632	+0.000000
-0.424000	-0.022651	+0.047632	+0.000000
-0.423000	-0.022603	+0.047632	+0.000000
-0.422000	-0.022555	+0.047632	+0.000000
-0.421000	-0.022508	+0.047632	+0.000000
-0.420000	-0.022460	+0.047632	+0.000000
-0.419000	-0.022413	+0.047632	+0.000000
-0.418000	-0.022365	+0.047632	+0.000000
-0.417000	-0.022317	+0.047632	+0.000000
-0.416000	-0.022270	+0.047632	+0.000000
-0.415000	-0.022222	+0.047632	+0.000000
-0.414000	-0.022174	+0.047632	+0.000000
-0.413000	-0.022127	+0.047632	+0.000000
-0.412000	-0.022079	+0.047632	+0.000000
-0.411000	-0.022031	+0.047632	+0.000000
-0.410000	-0.021984	+0.047632	+0.000000
-0.409000	-0.021936	+0.047632	+0.000000
-0.408000	-0.021889	+0.047632	+0.000000
-0.407000	-0.021841	+0.047632	+0.000000
-0.406000	-0.021793	+0.047632	+0.000000
-0.405000	-0.021746	+0.047632	+0.000000
-0.404000	-0.021698	+0.047632	+0.000000
-0.403000	-0.021650	+0.047632	+0.000000
-0.402000	-0.021603	+0.047632	+0.000000
-0.401000	-0.021555	+0.047632	+0.000000
-0.400000	-0.021508	+0.047632	+0.000000
-0.399000	-0.021457	+0.050177	+0.000000
-0.398000	-0.021407	+0.050177	+0.000000
-0.397000	-0.021357	+0.050177	+0.000000
-0.396000	-0.021307	+0.050177	+0.000000
-0.395000	-0.021257	+0.050177	+0.000000
-0.394000	-0.021206	+0.050177	+0.000000
-0.393000	-0.021156	+0.050177	+0.000000
-0.392000	-0.021106	+0.050177	+0.000000
-0.391000	-0.021056	+0.050177	+0.000000
-0.390000	-0.021006	+0.050177	+0.000000
-0.389000	-0.020956	+0.050177	+0.000000
-0.388000	-0.020905	+0.050177	+0.000000
-0.387000	-0.020855	+0.050177	+0.000000
-0.386000	-0.020805	+0.050177	+0.000000
-0.385000	-0.020755	+0.050177	+0.000000
-0.384000	-0.020705	+0.050177	+0.000000
-0.383000	-0.020655	+0.050177	+0.000000
-0.382000	-0.020604	+0.050177	+0.000000
-0.381000	-0.020554	+0.050177	+0.000000
-0.380000	-0.020504	+0.050177	+0.000000
-0.379000	-0.020454	+0.050177	+0.000000
-0.378000	-0.020404	+0.050177	+0.000000
-0.377000	-0.020353	+0.050177	+0.000000
-0.376000	-0.020303	+0.050177	+0.000000
-0.375000	-0.020253	+0.050177	+0.000000
-0.374000	-0.020203	+0.050177	+0.000000
-0.373000	-0.020153	+0.050177	+0.000000
-0.372000	-0.020103	+0.050177	+0.000000
-0.371000	-0.020052	+0.050177	+0.000000
-0.370000	-0.020002	+0.050177	+0.000000
-0.369000	-0.019952	+0.050177	+0.000000
-0.368000	-0.019902	+0.050177	+0.000000
-0.367000	-0.019852	+0.050177	+0.000000
-0.366000	-0.019802	+0.050177	+0.000000
-0.365000	-0.019751	+0.050177	+0.000000
-0.364000	-0.019701	+0.050177	+0.000000
-0.363000	-0.019651	+0.050177	+0.000000
-0.362000	-0.019601	+0.050177	+0.000000
-0.361000	-0.019551	+0.050177	+0.000000
-0.360000	-0.019500	+0.050177	+0.000000
-0.359000	-0.019450	+0.050177	+0.000000
-0.358000	-0.019400	+0.050177	+0.000000
-0.357000	-0.019350	+0.050177	+0.000000
-0.356000	-0.019300	+0.050177	+0.000000
-0.355000	-0.019250	+0.050177	+0.000000
-0.354000	-0.019199	+0.050177	+0.000000
-0.353000	-0.019149	+0.050177	+0.000000
-0.352000	-0.019099	+0.050177	+0.000000
-0.351000	-0.019049	+0.050177	+0.000000
-0.350000	-0.018999	+0.050177	+0.000000
-0.349000	-0.018948	+0.050913	+0.000000
-0.348000	-0.018897	+0.050913	+0.000000
-0.347000	-0.018846	+0.050913	+0.000000
-0.346000	-0.018795	+0.050913	+0.000000
-0.345000	-0.018744	+0.050913	+0.000000
-0.344000	-0.018693	+0.050913	+0.000000
-0.343000	-0.018642	+0.050913	+0.000000
-0.342000	-0.018591	+0.050913	+0.000000
-0.341000	-0.018540	+0.050913	+0.000000
-0.340000	-0.018490	+0.050913	+0.000000
-0.339000	-0.018439	+0.050913	+0.000000
-0.338000	-0.018388	+0.050913	+0.000000
-0.337000	-0.018337	+0.050913	+0.000000
-0.336000	-0.018286	+0.050913	+0.000000
-0.335000	-0.018235	+0.050913	+0.000000
-0.334000	-0.018184	+0.050913	+0.000000
-0.333000	-0.018133	+0.050913	+0.000000
-0.332000	-0.018082	+0.050913	+0.000000
-0.331000	-0.018031	+0.050913	+0.000000
-0.330000	-0.017980	+0.050913	+0.000000
-0.329000	-0.017930	+0.050913	+0.000000
-0.328000	-0.017879	+0.050913	+0.000000
-0.327000	-0.017828	+0.050913	+0.000000
-0.326000	-0.017777	+0.050913	+0.000000
-0.325000	-0.017726	+0.050913	+0.000000
-0.324000	-0.017675	+0.050913	+0.000000
-0.323000	-0.017624	+0.050913	+0.000000
-0.322000	-0.017573	+0.050913	+0.000000
-0.321000	-0.017522	+0.050913	+0.000000
-0.320000	-0.017471	+0.050913	+0.000000
-0.319000	-0.017420	+0.050913	+0.000000
-0.318000	-0.017369	+0.050913	+0.000000
-0.317000	-0.017319	+0.050913	+0.000000
-0.316000	-0.017268	+0.050913	+0.000000
-0.315000	-0.017217	+0.050913	+0.000000
-0.314000	-0.017166	+0.050913	+0.000000
-0.313000	-0.017115	+0.050913	+0.000000
-0.312000	-0.017064	+0.050913	+0.000000
-0.311000	-0.017013	+0.050913	+0.000000
-0.310000	-0.016962	+0.050913	+0.000000
-0.309000	-0.016911	+0.050913	+0.000000
-0.308000	-0.016860	+0.050913	+0.000000
-0.307000	-0.016809	+0.050913	+0.000000
-0.306000	-0.016759	+0.050913	+0.000000
-0.305000	-0.016708	+0.050913	+0.000000
-0.304000	-0.016657	+0.050913	+0.000000
-0.303000	-0.016606	+0.050913	+0.000000
-0.302000	-0.016555	+0.050913	+0.000000
-0.301000	-0.016504	+0.050913	+0.000000
-0.300000	-0.016453	+0.050913	+0.000000
-0.299000	-0.016402	+0.051411	+0.000000
-0.298000	-0.016350	+0.051411	+0.000000
-0.297000	-0.016299	+0.051411	+0.000000
-0.296000	-0.016247	+0.051411	+0.000000
-0.295000	-0.016196	+0.051411	+0.000000
-0.294000	-0.016145	+0.051411	+0.000000
-0.293000	-0.016093	+0.051411	+0.000000
-0.292000	-0.016042	+0.051411	+0.000000
-0.291000	-0.015990	+0.051411	+0.000000
-0.290000	-0.015939	+0.051411	+0.000000
-0.289000	-0.015888	+0.051411	+0.000000
-0.288000	-0.015836	+0.051411	+0.000000
-0.287000	-0.015785	+0.051411	+0.000000
-0.286000	-0.015733	+0.051411	+0.000000
-0.285000	-0.015682	+0.051411	+0.000000
-0.284000	-0.015630	+0.051411	+0.000000
-0.283000	-0.015579	+0.051411	+0.000000
-0.282000	-0.015528	+0.051411	+0.000000
-0.281000	-0.015476	+0.051411	+0.000000
-0.280000	-0.015425	+0.051411	+0.000000
-0.279000	-0.015373	+0.051411	+0.000000
-0.278000	-0.015322	+0.051411	+0.000000
-0.277000	-0.015271	+0.051411	+0.000000
-0.276000	-0.015219	+0.051411	+0.000000
-0.275000	-0.015168	+0.051411	+0.000000
-0.274000	-0.015116	+0.051411	+0.000000
-0.273000	-0.015065	+0.051411	+0.000000
-0.272000	-0.015014	+0.051411	+0.000000
-0.271000	-0.014962	+0.051411	+0.000000
-0.270000	-0.014911	+0.051411	+0.000000
-0.269000	-0.014859	+0.051411	+0.000000
-0.268000	-0.014808	+0.051411	+0.000000
-0.267000	-0.014756	+0.051411	+0.000000
-0.266000	-0.014705	+0.051411	+0.000000
-0.265000	-0.014654	+0.051411	+0.000000
-0.264000	-0.014602	+0.051411	+0.000000
-0.263000	-0.014551	+0.051411	+0.000000
-0.262000	-0.014499	+0.051411	+0.000000
-0.261000	-0.014448	+0.051411	+0.000000
-0.260000	-0.014397	+0.051411	+0.000000
-0.259000	-0.014345	+0.051411	+0.000000
-0.258000	-0.014294	+0.051411	+0.000000
-0.257000	-0.014242	+0.051411	+0.000000
-0.256000	-0.014191	+0.051411	+0.000000
-0.255000	-0.014140	+0.051411	+0.000000
-0.254000	-0.014088	+0.051411	+0.000000
-0.253000	-0.014037	+0.051411	+0.000000
-0.252000	-0.013985	+0.051411	+0.000000
-0.251000	-0.013934	+0.051411	+0.000000
-0.250000	-0.013882	+0.051411	+0.000000
-0.249000	-0.013830	+0.052913	+0.000000
-0.248000	-0.013777	+0.052913	+0.000000
-0.247000	-0.013724	+0.052913	+0.000000
-0.246000	-0.013671	+0.052913	+0.000000
-0.245000	-0.013618	+0.052913	+0.000000
-0.244000	-0.013565	+0.052913	+0.000000
-0.243000	-0.013512	+0.052913	+0.000000
-0.242000	-0.013459	+0.052913	+0.000000
-0.241000	-0.013406	+0.052913	+0.000000
-0.240000	-0.013353	+0.052913	+0.000000
-0.239000	-0.013300	+0.052913	+0.000000
-0.238000	-0.013248	+0.052913	+0.000000
-0.237000	-0.013195	+0.052913	+0.000000
-0.236000	-0.013142	+0.052913	+0.000000
-0.235000	-0.013089	+0.052913	+0.000000
-0.234000	-0.013036	+0.052913	+0.000000
-0.233000	-0.012983	+0.052913	+0.000000
-0.232000	-0.012930	+0.052913	+0.000000
-0.231000	-0.012877	+0.052913	+0.000000
-0.230000	-0.012824	+0.052913	+0.000000
-0.229000	-0.012771	+0.052913	+0.000000
-0.228000	-0.012718	+0.052913	+0.000000
-0.227000	-0.012665	+0.052913	+0.000000
-0.226000	-0.012613	+0.052913	+0.000000
-0.225000	-0.012560	+0.052913	+0.000000
-0.224000	-0.012507	+0.052913	+0.000000
-0.223000	-0.012454	+0.052913	+0.000000
-0.222000	-0.012401	+0.052913	+0.000000
-0.221000	-0.012348	+0.052913	+0.000000
-0.220000	-0.012295	+0.052913	+0.000000
-0.219000	-0.012242	+0.052913	+0.000000
-0.218000	-0.012189	+0.052913	+0.000000
-0.217000	-0.012136	+0.052913	+0.000000
-0.216000	-0.012083	+0.052913	+0.000000
-0.215000	-0.012031	+0.052913	+0.000000
-0.214000	-0.011978	+0.052913	+0.000000
-0.213000	-0.011925	+0.052913	+0.000000
-0.212000	-0.011872	+0.052913	+0.000000
-0.211000	-0.011819	+0.052913	+0.000000
-0.210000	-0.011766	+0.052913	+0.000000
-0.209000	-0.011713	+0.052913	+0.000000
-0.208000	-0.011660	+0.052913	+0.000000
-0.207000	-0.011607	+0.052913	+0.000000
-0.206000	-0.011554	+0.052913	+0.000000
-0.205000	-0.011501	+0.052913	+0.000000
-0.204000	-0.011448	+0.052913	+0.000000
-0.203000	-0.011396	+0.052913	+0.000000
-0.202000	-0.011343	+0.052913	+0.000000
-0.201000	-0.011290	+0.052913	+0.000000
-0.200000	-0.011237	+0.052913	+0.000000
-0.199000	-0.011182	+0.054678	+0.000000
-0.198000	-0.011127	+0.054678	+0.000000
-0.197000	-0.011073	+0.054678	+0.000000
-0.196000	-0.011018	+0.054678	+0.000000
-0.195000	-0.010963	+0.054678	+0.000000
-0.194000	-0.010909	+0.054678	+0.000000
-0.193000	-0.010854	+0.054678	+0.000000
-0.192000	-0.010799	+0.054678	+0.000000
-0.191000	-0.010745	+0.054678	+0.000000
-0.190000	-0.010690	+0.054678	+0.000000
-0.189000	-0.010635	+0.054678	+0.000000
-0.188000	-0.010581	+0.054678	+0.000000
-0.187000	-0.010526	+0.054678	+0.000000
-0.186000	-0.010471	+0.054678	+0.000000
-0.185000	-0.010417	+0.054678	+0.000000
-0.184000	-0.010362	+0.054678	+0.000000
-0.183000	-0.010307	+0.054678	+0.000000
-0.182000	-0.010253	+0.054678	+0.000000
-0.181000	-0.010198	+0.054678	+0.000000
-0.180000	-0.010143	+0.054678	+0.000000
-0.179000	-0.010089	+0.054678	+0.000000
-0.178000	-0.010034	+0.054678	+0.000000
-0.177000	-0.009979	+0.054678	+0.000000
-0.176000	-0.009925	+0.054678	+0.000000
-0.175000	-0.009870	+0.054678	+0.000000
-0.174000	-0.009815	+0.054678	+0.000000
-0.173000	-0.009760	+0.054678	+0.000000
-0.172000	-0.009706	+0.054678	+0.000000
-0.171000	-0.009651	+0.054678	+0.000000
-0.170000	-0.009596	+0.054678	+0.000000
-0.169000	-0.009542	+0.054678	+0.000000
-0.168000	-0.009487	+0.054678	+0.000000
-0.167000	-0.009432	+0.054678	+0.000000
-0.166000	-0.009378	+0.054678	+0.000000
-0.165000	-0.009323	+0.054678	+0.000000
-0.164000	-0.009268	+0.054678	+0.000000
-0.163000	-0.009214	+0.054678	+0.000000
-0.162000	-0.009159	+0.054678	+0.000000
-0.161000	-0.009104	+0.054678	+0.000000
-0.160000	-0.009050	+0.054678	+0.000000
-0.159000	-0.008995	+0.054678	+0.000000
-0.158000	-0.008940	+0.054678	+0.000000
-0.157000	-0.008886	+0.054678	+0.000000
-0.156000	-0.008831	+0.054678	+0.000000
-0.155000	-0.008776	+0.054678	+0.000000
-0.154000	-0.008722	+0.054678	+0.000000
-0.153000	-0.008667	+0.054678	+0.000000
-0.152000	-0.008612	+0.054678	+0.000000
-0.151000	-0.008558	+0.054678	+0.000000
-0.150000	-0.008503	+0.054678	+0.000000
-0.149000	-0.008447	+0.056098	+0.000000
-0.148000	-0.008391	+0.056098	+0.000000
-0.147000	-0.008335	+0.056098	+0.000000
-0.146000	-0.008278	+0.056098	+0.000000
-0.145000	-0.008222	+0.056098	+0.000000
-0.144000	-0.008166	+0.056098	+0.000000
-0.143000	-0.008110	+0.056098	+0.000000
-0.142000	-0.008054	+0.056098	+0.000000
-0.141000	-0.007998	+0.056098	+0.000000
-0.140000	-0.007942	+0.056098	+0.000000
-0.139000	-0.007886	+0.056098	+0.000000
-0.138000	-0.007830	+0.056098	+0.000000
-0.137000	-0.007774	+0.056098	+0.000000
-0.136000	-0.007718	+0.056098	+0.000000
-0.135000	-0.007661	+0.056098	+0.000000
-0.134000	-0.007605	+0.056098	+0.000000
-0.133000	-0.007549	+0.056098	+0.000000
-0.132000	-0.007493	+0.056098	+0.000000
-0.131000	-0.007437	+0.056098	+0.000000
-0.130000	-0.007381	+0.056098	+0.000000
-0.129000	-0.007325	+0.056098	+0.000000
-0.128000	-0.007269	+0.056098	+0.000000
-0.127000	-0.007213	+0.056098	+0.000000
-0.126000	-0.007157	+0.056098	+0.000000
-0.125000	-0.007100	+0.056098	+0.000000
-0.124000	-0.007044	+0.056098	+0.000000
-0.123000	-0.006988	+0.056098	+0.000000
-0.122000	-0.006932	+0.056098	+0.000000
-0.121000	-0.006876	+0.056098	+0.000000
-0.120000	-0.006820	+0.056098	+0.000000
-0.119000	-0.006764	+0.056098	+0.000000
-0.118000	-0.006708	+0.056098	+0.000000
-0.117000	-0.006652	+0.056098	+0.000000
-0.116000	-0.006596	+0.056098	+0.000000
-0.115000	-0.006539	+0.056098	+0.000000
-0.114000	-0.006483	+0.056098	+0.000000
-0.113000	-0.006427	+0.056098	+0.000000
-0.112000	-0.006371	+0.056098	+0.000000
-0.111000	-0.006315	+0.056098	+0.000000
-0.110000	-0.006259	+0.056098	+0.000000
-0.109000	-0.006203	+0.056098	+0.000000
-0.108000	-0.006147	+0.056098	+0.000000
-0.107000	-0.006091	+0.056098	+0.000000
-0.106000	-0.006035	+0.056098	+0.000000
-0.105000	-0.005978	+0.056098	+0.000000
-0.104000	-0.005922	+0.056098	+0.000000
-0.103000	-0.005866	+0.056098	+0.000000
-0.102000	-0.005810	+0.056098	+0.000000
-0.101000	-0.005754	+0.056098	+0.000000
-0.100000	-0.005698	+0.056098	+0.000000
-0.099000	-0.005641	+0.056876	+0.000000
-0.098000	-0.005584	+0.056876	+0.000000
-0.097000	-0.005527	+0.056876	+0.000000
-0.096000	-0.005470	+0.056876	+0.000000
-0.095000	-0.005414	+0.056876	+0.000000
-0.094000	-0.005357	+0.056876	+0.000000
-0.093000	-0.005300	+0.056876	+0.000000
-0.092000	-0.005243	+0.056876	+0.000000
-0.091000	-0.005186	+0.056876	+0.000000
-0.090000	-0.005129	+0.056876	+0.000000
-0.089000	-0.005072	+0.056876	+0.000000
-0.088000	-0.005015	+0.056876	+0.000000
-0.087000	-0.004959	+0.056876	+0.000000
-0.086000	-0.004902	+0.056876	+0.000000
-0.085000	-0.004845	+0.056876	+0.000000
-0.084000	-0.004788	+0.056876	+0.000000
-0.083000	-0.004731	+0.056876	+0.000000
-0.082000	-0.004674	+0.056876	+0.000000
-0.081000	-0.004617	+0.056876	+0.000000
-0.080000	-0.004560	+0.056876	+0.000000
-0.079000	-0.004504	+0.056876	+0.000000
-0.078000	-0.004447	+0.056876	+0.000000
-0.077000	-0.004390	+0.056876	+0.000000
-0.076000	-0.004333	+0.056876	+0.000000
-0.075000	-0.004276	+0.056876	+0.000000
-0.074000	-0.004219	+0.056876	+0.000000
-0.073000	-0.004162	+0.056876	+0.000000
-0.072000	-0.004105	+0.056876	+0.000000
-0.071000	-0.004049	+0.056876	+0.000000
-0.070000	-0.003992	+0.056876	+0.000000
-0.069000	-0.003935	+0.056876	+0.000000
-0.068000	-0.003878	+0.056876	+0.000000
-0.067000	-0.003821	+0.056876	+0.000000
-0.066000	-0.003764	+0.056876	+0.000000
-0.065000	-0.003707	+0.056876	+0.000000
-0.064000	-0.003650	+0.056876	+0.000000
-0.063000	-0.003594	+0.056876	+0.000000
-0.062000	-0.003537	+0.056876	+0.000000
-0.061000	-0.003480	+0.056876	+0.000000
-0.060000	-0.003423	+0.056876	+0.000000
-0.059000	-0.003366	+0.056876	+0.000000
-0.058000	-0.003309	+0.056876	+0.000000
-0.057000	-0.003252	+0.056876	+0.000000
-0.056000	-0.003195	+0.056876	+0.000000
-0.055000	-0.003139	+0.056876	+0.000000
-0.054000	-0.003082	+0.056876	+0.000000
-0.053000	-0.003025	+0.056876	+0.000000
-0.052000	-0.002968	+0.056876	+0.000000
-0.051000	-0.002911	+0.056876	+0.000000
-0.050000	-0.002854	+0.056876	+0.000000
-0.049000	-0.002797	+0.057083	+0.000000
-0.048000	-0.002740	+0.057083	+0.000000
-0.047000	-0.002683	+0.057083	+0.000000
-0.046000	-0.002626	+0.057083	+0.000000
-0.045000	-0.002569	+0.057083	+0.000000
-0.044000	-0.002512	+0.057083	+0.000000
-0.043000	-0.002455	+0.057083	+0.000000
-0.042000	-0.002398	+0.057083	+0.000000
-0.041000	-0.002340	+0.057083	+0.000000
-0.040000	-0.002283	+0.057083	+0.000000
-0.039000	-0.002226	+0.057083	+0.000000
-0.038000	-0.002169	+0.057083	+0.000000
-0.037000	-0.002112	+0.057083	+0.000000
-0.036000	-0.002055	+0.057083	+0.000000
-0.035000	-0.001998	+0.057083	+0.000000
-0.034000	-0.001941	+0.057083	+0.000000
-0.033000	-0.001884	+0.057083	+0.000000
-0.032000	-0.001827	+0.057083	+0.000000
-0.031000	-0.001770	+0.057083	+0.000000
-0.030000	-0.001713	+0.057083	+0.000000
-0.029000	-0.001655	+0.057083	+0.000000
-0.028000	-0.001598	+0.057083	+0.000000
-0.027000	-0.001541	+0.057083	+0.000000
-0.026000	-0.001484	+0.057083	+0.000000
-0.025000	-0.001427	+0.057083	+0.000000
-0.024000	-0.001370	+0.057083	+0.000000
-0.023000	-0.001313	+0.057083	+0.000000
-0.022000	-0.001256	+0.057083	+0.000000
-0.021000	-0.001199	+0.057083	+0.000000
-0.020000	-0.001142	+0.057083	+0.000000
-0.019000	-0.001085	+0.057083	+0.000000
-0.018000	-0.001028	+0.057083	+0.000000
-0.017000	-0.000970	+0.057083	+0.000000
-0.016000	-0.000913	+0.057083	+0.000000
-0.015000	-0.000856	+0.057083	+0.000000
-0.014000	-0.000799	+0.057083	+0.000000
-0.013000	-0.000742	+0.057083	+0.000000
-0.012000	-0.000685	+0.057083	+0.000000
-0.011000	-0.000628	+0.057083	+0.000000
-0.010000	-0.000571	+0.057083	+0.000000
-0.009000	-0.000514	+0.057083	+0.000000
-0.008000	-0.000457	+0.057083	+0.000000
-0.007000	-0.000400	+0.057083	+0.000000
-0.006000	-0.000343	+0.057083	+0.000000
-0.005000	-0.000285	+0.057083	+0.000000
-0.004000	-0.000228	+0.057083	+0.000000
-0.003000	-0.000171	+0.057083	+0.000000
-0.002000	-0.000114	+0.057083	+0.000000
-0.001000	-0.000057	+0.057083	+0.000000
+0.000000	-0.000000	+0.057083	+0.000000
+0.001000	+0.000057	+0.057083	+0.000000
+0.002000	+0.000114	+0.057083	+0.000000
+0.003000	+0.000171	+0.057083	+0.000000
+0.004000	+0.000228	+0.057083	+0.000000
+0.005000	+0.000285	+0.057083	+0.000000
+0.006000	+0.000343	+0.057083	+0.000000
+0.007000	+0.000400	+0.057083	+0.000000
+0.008000	+0.000457	+0.057083	+0.000000
+0.009000	+0.000514	+0.057083	+0.000000
+0.010000	+0.000571	+0.057083	+0.000000
+0.011000	+0.000628	+0.057083	+0.000000
+0.012000	+0.000685	+0.057083	+0.000000
+0.013000	+0.000742	+0.057083	+0.000000
+0.014000	+0.000799	+0.057083	+0.000000
+0.015000	+0.000856	+0.057083	+0.000000
+0.016000	+0.000913	+0.057083	+0.000000
+0.017000	+0.000970	+0.057083	+0.000000
+0.018000	+0.001028	+0.057083	+0.000000
+0.019000	+0.001085	+0.057083	+0.000000
+0.020000	+0.001142	+0.057083	+0.000000
+0.021000	+0.001199	+0.057083	+0.000000
+0.022000	+0.001256	+0.057083	+0.000000
+0.023000	+0.001313	+0.057083	+0.000000
+0.024000	+0.001370	+0.057083	+0.000000
+0.025000	+0.001427	+0.057083	+0.000000
+0.026000	+0.001484	+0.057083	+0.000000
+0.027000	+0.001541	+0.057083	+0.000000
+0.028000	+0.001598	+0.057083	+0.000000
+0.029000	+0.001655	+0.057083	+0.000000
+0.030000	+0.001713	+0.057083	+0.000000
+0.031000	+0.001770	+0.057083	+0.000000
+0.032000	+0.001827	+0.057083	+0.000000
+0.033000	+0.001884	+0.057083	+0.000000
+0.034000	+0.001941	+0.057083	+0.000000
+0.035000	+0.001998	+0.057083	+0.000000
+0.036000	+0.002055	+0.057083	+0.000000
+0.037000	+0.002112	+0.057083	+0.000000
+0.038000	+0.002169	+0.057083	+0.000000
+0.039000	+0.002226	+0.057083	+0.000000
+0.040000	+0.002283	+0.057083	+0.000000
+0.041000	+0.002340	+0.057083	+0.000000
+0.042000	+0.002398	+0.057083	+0.000000
+0.043000	+0.002455	+0.057083	+0.000000
+0.044000	+0.002512	+0.057083	+0.000000
+0.045000	+0.002569	+0.057083	+0.000000
+0.046000	+0.002626	+0.057083	+0.000000
+0.047000	+0.002683	+0.057083	+0.000000
+0.048000	+0.002740	+0.057083	+0.000000
+0.049000	+0.002797	+0.057083	+0.000000
+0.050000	+0.002854	+0.057083	+0.000000
+0.051000	+0.002911	+0.056876	+0.000000
+0.052000	+0.002968	+0.056876	+0.000000
+0.053000	+0.003025	+0.056876	+0.000000
+0.054000	+0.003082	+0.056876	+0.000000
+0.055000	+0.003139	+0.056876	+0.000000
+0.056000	+0.003195	+0.056876	+0.000000
+0.057000	+0.003252	+0.056876	+0.000000
+0.058000	+0.003309	+0.056876	+0.000000
+0.059000	+0.003366	+0.056876	+0.000000
+0.060000	+0.003423	+0.056876	+0.000000
+0.061000	+0.003480	+0.056876	+0.000000
+0.062000	+0.003537	+0.056876	+0.000000
+0.063000	+0.003594	+0.056876	+0.000000
+0.064000	+0.003650	+0.056876	+0.000000
+0.065000	+0.003707	+0.056876	+0.000000
+0.066000	+0.003764	+0.056876	+0.000000
+0.067000	+0.003821	+0.056876	+0.000000
+0.068000	+0.003878	+0.056876	+0.000000
+0.069000	+0.003935	+0.056876	+0.000000
+0.070000	+0.003992	+0.056876	+0.000000
+0.071000	+0.004049	+0.056876	+0.000000
+0.072000	+0.004105	+0.056876	+0.000000
+0.073000	+0.004162	+0.056876	+0.000000
+0.074000	+0.004219	+0.056876	+0.000000
+0.075000	+0.004276	+0.056876	+0.000000
+0.076000	+0.004333	+0.056876	+0.000000
+0.077000	+0.004390	+0.056876	+0.000000
+0.078000	+0.004447	+0.056876	+0.000000
+0.079000	+0.004504	+0.056876	+0.000000
+0.080000	+0.004560	+0.056876	+0.000000
+0.081000	+0.004617	+0.056876	+0.000000
+0.082000	+0.004674	+0.056876	+0.000000
+0.083000	+0.004731	+0.056876	+0.000000
+0.084000	+0.004788	+0.056876	+0.000000
+0.085000	+0.004845	+0.056876	+0.000000
+0.086000	+0.004902	+0.056876	+0.000000
+0.087000	+0.004959	+0.056876	+0.000000
+0.088000	+0.005015	+0.056876	+0.000000
+0.089000	+0.005072	+0.056876	+0.000000
+0.090000	+0.005129	+0.056876	+0.000000
+0.091000	+0.005186	+0.056876	+0.000000
+0.092000	+0.005243	+0.056876	+0.000000
+0.093000	+0.005300	+0.056876	+0.000000
+0.094000	+0.005357	+0.056876	+0.000000
+0.095000	+0.005414	+0.056876	+0.000000
+0.096000	+0.005470	+0.056876	+0.000000
+0.097000	+0.005527	+0.056876	+0.000000
+0.098000	+0.005584	+0.056876	+0.000000
+0.099000	+0.005641	+0.056876	+0.000000
+0.100000	+0.005698	+0.056876	+0.000000
+0.101000	+0.005754	+0.056098	+0.000000
+0.102000	+0.005810	+0.056098	+0.000000
+0.103000	+0.005866	+0.056098	+0.000000
+0.104000	+0.005922	+0.056098	+0.000000
+0.105000	+0.005978	+0.056098	+0.000000
+0.106000	+0.006035	+0.056098	+0.000000
+0.107000	+0.006091	+0.056098	+0.000000
+0.108000	+0.006147	+0.056098	+0.000000
+0.109000	+0.006203	+0.056098	+0.000000
+0.110000	+0.006259	+0.056098	+0.000000
+0.111000	+0.006315	+0.056098	+0.000000
+0.112000	+0.006371	+0.056098	+0.000000
+0.113000	+0.006427	+0.056098	+0.000000
+0.114000	+0.006483	+0.056098	+0.000000
+0.115000	+0.006539	+0.056098	+0.000000
+0.116000	+0.006596	+0.056098	+0.000000
+0.117000	+0.006652	+0.056098	+0.000000
+0.118000	+0.006708	+0.056098	+0.000000
+0.119000	+0.006764	+0.056098	+0.000000
+0.120000	+0.006820	+0.056098	+0.000000
+0.121000	+0.006876	+0.056098	+0.000000
+0.122000	+0.006932	+0.056098	+0.000000
+0.123000	+0.006988	+0.056098	+0.000000
+0.124000	+0.007044	+0.056098	+0.000000
+0.125000	+0.007100	+0.056098	+0.000000
+0.126000	+0.007157	+0.056098	+0.000000
+0.127000	+0.007213	+0.056098	+0.000000
+0.128000	+0.007269	+0.056098	+0.000000
+0.129000	+0.007325	+0.056098	+0.000000
+0.130000	+0.007381	+0.056098	+0.000000
+0.131000	+0.007437	+0.056098	+0.000000
+0.132000	+0.007493	+0.056098	+0.000000
+0.133000	+0.007549	+0.056098	+0.000000
+0.134000	+0.007605	+0.056098	+0.000000
+0.135000	+0.007661	+0.056098	+0.000000
+0.136000	+0.007718	+0.056098	+0.000000
+0.137000	+0.007774	+0.056098	+0.000000
+0.138000	+0.007830	+0.056098	+0.000000
+0.139000	+0.007886	+0.056098	+0.000000
+0.140000	+0.007942	+0.056098	+0.000000
+0.141000	+0.007998	+0.056098	+0.000000
+0.142000	+0.008054	+0.056098	+0.000000
+0.143000	+0.008110	+0.056098	+0.000000
+0.144000	+0.008166	+0.056098	+0.000000
+0.145000	+0.008222	+0.056098	+0.000000
+0.146000	+0.008278	+0.056098	+0.000000
+0.147000	+0.008335	+0.056098	+0.000000
+0.148000	+0.008391	+0.056098	+0.000000
+0.149000	+0.008447	+0.056098	+0.000000
+0.150000	+0.008503	+0.056098	+0.000000
+0.151000	+0.008558	+0.054678	+0.000000
+0.152000	+0.008612	+0.054678	+0.000000
+0.153000	+0.008667	+0.054678	+0.000000
+0.154000	+0.008722	+0.054678	+0.000000
+0.155000	+0.008776	+0.054678	+0.000000
+0.156000	+0.008831	+0.054678	+0.000000
+0.157000	+0.008886	+0.054678	+0.000000
+0.158000	+0.008940	+0.054678	+0.000000
+0.159000	+0.008995	+0.054678	+0.000000
+0.160000	+0.009050	+0.054678	+0.000000
+0.161000	+0.009104	+0.054678	+0.000000
+0.162000	+0.009159	+0.054678	+0.000000
+0.163000	+0.009214	+0.054678	+0.000000
+0.164000	+0.009268	+0.054678	+0.000000
+0.165000	+0.009323	+0.054678	+0.000000
+0.166000	+0.009378	+0.054678	+0.000000
+0.167000	+0.009432	+0.054678	+0.000000
+0.168000	+0.009487	+0.054678	+0.000000
+0.169000	+0.009542	+0.054678	+0.000000
+0.170000	+0.009596	+0.054678	+0.000000
+0.171000	+0.009651	+0.054678	+0.000000
+0.172000	+0.009706	+0.054678	+0.000000
+0.173000	+0.009760	+0.054678	+0.000000
+0.174000	+0.009815	+0.054678	+0.000000
+0.175000	+0.009870	+0.054678	+0.000000
+0.176000	+0.009925	+0.054678	+0.000000
+0.177000	+0.009979	+0.054678	+0.000000
+0.178000	+0.010034	+0.054678	+0.000000
+0.179000	+0.010089	+0.054678	+0.000000
+0.180000	+0.010143	+0.054678	+0.000000
+0.181000	+0.010198	+0.054678	+0.000000
+0.182000	+0.010253	+0.054678	+0.000000
+0.183000	+0.010307	+0.054678	+0.000000
+0.184000	+0.010362	+0.054678	+0.000000
+0.185000	+0.010417	+0.054678	+0.000000
+0.186000	+0.010471	+0.054678	+0.000000
+0.187000	+0.010526	+0.054678	+0.000000
+0.188000	+0.010581	+0.054678	+0.000000
+0.189000	+0.010635	+0.054678	+0.000000
+0.190000	+0.010690	+0.054678	+0.000000
+0.191000	+0.010745	+0.054678	+0.000000
+0.192000	+0.010799	+0.054678	+0.000000
+0.193000	+0.010854	+0.054678	+0.000000
+0.194000	+0.010909	+0.054678	+0.000000
+0.195000	+0.010963	+0.054678	+0.000000
+0.196000	+0.011018	+0.054678	+0.000000
+0.197000	+0.011073	+0.054678	+0.000000
+0.198000	+0.011127	+0.054678	+0.000000
+0.199000	+0.011182	+0.054678	+0.000000
+0.200000	+0.011237	+0.054678	+0.000000
+0.201000	+0.011290	+0.052913	+0.000000
+0.202000	+0.011343	+0.052913	+0.000000
+0.203000	+0.011396	+0.052913	+0.000000
+0.204000	+0.011448	+0.052913	+0.000000
+0.205000	+0.011501	+0.052913	+0.000000
+0.206000	+0.011554	+0.052913	+0.000000
+0.207000	+0.011607	+0.052913	+0.000000
+0.208000	+0.011660	+0.052913	+0.000000
+0.209000	+0.011713	+0.052913	+0.000000
+0.210000	+0.011766	+0.052913	+0.000000
+0.211000	+0.011819	+0.052913	+0.000000
+0.212000	+0.011872	+0.052913	+0.000000
+0.213000	+0.011925	+0.052913	+0.000000
+0.214000	+0.011978	+0.052913	+0.000000
+0.215000	+0.012031	+0.052913	+0.000000
+0.216000	+0.012083	+0.052913	+0.000000
+0.217000	+0.012136	+0.052913	+0.000000
+0.218000	+0.012189	+0.052913	+0.000000
+0.219000	+0.012242	+0.052913	+0.000000
+0.220000	+0.012295	+0.052913	+0.000000
+0.221000	+0.012348	+0.052913	+0.000000
+0.222000	+0.012401	+0.052913	+0.000000
+0.223000	+0.012454	+0.052913	+0.000000
+0.224000	+0.012507	+0.052913	+0.000000
+0.225000	+0.012560	+0.052913	+0.000000
+0.226000	+0.012613	+0.052913	+0.000000
+0.227000	+0.012665	+0.052913	+0.000000
+0.228000	+0.012718	+0.052913	+0.000000
+0.229000	+0.012771	+0.052913	+0.000000
+0.230000	+0.012824	+0.052913	+0.000000
+0.231000	+0.012877	+0.052913	+0.000000
+0.232000	+0.012930	+0.052913	+0.000000
+0.233000	+0.012983	+0.052913	+0.000000
+0.234000	+0.013036	+0.052913	+0.000000
+0.235000	+0.013089	+0.052913	+0.000000
+0.236000	+0.013142	+0.052913	+0.000000
+0.237000	+0.013195	+0.052913	+0.000000
+0.238000	+0.013248	+0.052913	+0.000000
+0.239000	+0.013300	+0.052913	+0.000000
+0.240000	+0.013353	+0.052913	+0.000000
+0.241000	+0.013406	+0.052913	+0.000000
+0.242000	+0.013459	+0.052913	+0.000000
+0.243000	+0.013512	+0.052913	+0.000000
+0.244000	+0.013565	+0.052913	+0.000000
+0.245000	+0.013618	+0.052913	+0.000000
+0.246000	+0.013671	+0.052913	+0.000000
+0.247000	+0.013724	+0.052913	+0.000000
+0.248000	+0.013777	+0.052913	+0.000000
+0.249000	+0.013830	+0.052913	+0.000000
+0.250000	+0.013882	+0.052913	+0.000000
+0.251000	+0.013934	+0.051411	+0.000000
+0.252000	+0.013985	+0.051411	+0.000000
+0.253000	+0.014037	+0.051411	+0.000000
+0.254000	+0.014088	+0.051411	+0.000000
+0.255000	+0.014140	+0.051411	+0.000000
+0.256000	+0.014191	+0.051411	+0.000000
+0.257000	+0.014242	+0.051411	+0.000000
+0.258000	+0.014294	+0.051411	+0.000000
+0.259000	+0.014345	+0.051411	+0.000000
+0.260000	+0.014397	+0.051411	+0.000000
+0.261000	+0.014448	+0.051411	+0.000000
+0.262000	+0.014499	+0.051411	+0.000000
+0.263000	+0.014551	+0.051411	+0.000000
+0.264000	+0.014602	+0.051411	+0.000000
+0.265000	+0.014654	+0.051411	+0.000000
+0.266000	+0.014705	+0.051411	+0.000000
+0.267000	+0.014756	+0.051411	+0.000000
+0.268000	+0.014808	+0.051411	+0.000000
+0.269000	+0.014859	+0.051411	+0.000000
+0.270000	+0.014911	+0.051411	+0.000000
+0.271000	+0.014962	+0.051411	+0.000000
+0.272000	+0.015014	+0.051411	+0.000000
+0.273000	+0.015065	+0.051411	+0.000000
+0.274000	+0.015116	+0.051411	+0.000000
+0.275000	+0.015168	+0.051411	+0.000000
+0.276000	+0.015219	+0.051411	+0.000000
+0.277000	+0.015271	+0.051411	+0.000000
+0.278000	+0.015322	+0.051411	+0.000000
+0.279000	+0.015373	+0.051411	+0.000000
+0.280000	+0.015425	+0.051411	+0.000000
+0.281000	+0.015476	+0.051411	+0.000000
+0.282000	+0.015528	+0.051411	+0.000000
+0.283000	+0.015579	+0.051411	+0.000000
+0.284000	+0.015630	+0.051411	+0.000000
+0.285000	+0.015682	+0.051411	+0.000000
+0.286000	+0.015733	+0.051411	+0.000000
+0.287000	+0.015785	+0.051411	+0.000000
+0.288000	+0.015836	+0.051411	+0.000000
+0.289000	+0.015888	+0.051411	+0.000000
+0.290000	+0.015939	+0.051411	+0.000000
+0.291000	+0.015990	+0.051411	+0.000000
+0.292000	+0.016042	+0.051411	+0.000000
+0.293000	+0.016093	+0.051411	+0.000000
+0.294000	+0.016145	+0.051411	+0.000000
+0.295000	+0.016196	+0.051411	+0.000000
+0.296000	+0.016247	+0.051411	+0.000000
+0.297000	+0.016299	+0.051411	+0.000000
+0.298000	+0.016350	+0.051411	+0.000000
+0.299000	+0.016402	+0.051411	+0.000000
+0.300000	+0.016453	+0.051411	+0.000000
+0.301000	+0.016504	+0.050913	+0.000000
+0.302000	+0.016555	+0.050913	+0.000000
+0.303000	+0.016606	+0.050913	+0.000000
+0.304000	+0.016657	+0.050913	+0.000000
+0.305000	+0.016708	+0.050913	+0.000000
+0.306000	+0.016759	+0.050913	+0.000000
+0.307000	+0.016809	+0.050913	+0.000000
+0.308000	+0.016860	+0.050913	+0.000000
+0.309000	+0.016911	+0.050913	+0.000000
+0.310000	+0.016962	+0.050913	+0.000000
+0.311000	+0.017013	+0.050913	+0.000000
+0.312000	+0.017064	+0.050913	+0.000000
+0.313000	+0.017115	+0.050913	+0.000000
+0.314000	+0.017166	+0.050913	+0.000000
+0.315000	+0.017217	+0.050913	+0.000000
+0.316000	+0.017268	+0.050913	+0.000000
+0.317000	+0.017319	+0.050913	+0.000000
+0.318000	+0.017369	+0.050913	+0.000000
+0.319000	+0.017420	+0.050913	+0.000000
+0.320000	+0.017471	+0.050913	+0.000000
+0.321000	+0.017522	+0.050913	+0.000000
+0.322000	+0.017573	+0.050913	+0.000000
+0.323000	+0.017624	+0.050913	+0.000000
+0.324000	+0.017675	+0.050913	+0.000000
+0.325000	+0.017726	+0.050913	+0.000000
+0.326000	+0.017777	+0.050913	+0.000000
+0.327000	+0.017828	+0.050913	+0.000000
+0.328000	+0.017879	+0.050913	+0.000000
+0.329000	+0.017930	+0.050913	+0.000000
+0.330000	+0.017980	+0.050913	+0.000000
+0.331000	+0.018031	+0.050913	+0.000000
+0.332000	+0.018082	+0.050913	+0.000000
+0.333000	+0.018133	+0.050913	+0.000000
+0.334000	+0.018184	+0.050913	+0.000000
+0.335000	+0.018235	+0.050913	+0.000000
+0.336000	+0.018286	+0.050913	+0.000000
+0.337000	+0.018337	+0.050913	+0.000000
+0.338000	+0.018388	+0.050913	+0.000000
+0.339000	+0.018439	+0.050913	+0.000000
+0.340000	+0.018490	+0.050913	+0.000000
+0.341000	+0.018540	+0.050913	+0.000000
+0.342000	+0.018591	+0.050913	+0.000000
+0.343000	+0.018642	+0.050913	+0.000000
+0.344000	+0.018693	+0.050913	+0.000000
+0.345000	+0.018744	+0.050913	+0.000000
+0.346000	+0.018795	+0.050913	+0.000000
+0.347000	+0.018846	+0.050913	+0.000000
+0.348000	+0.018897	+0.050913	+0.000000
+0.349000	+0.018948	+0.050913	+0.000000
+0.350000	+0.018999	+0.050913	+0.000000
+0.351000	+0.019049	+0.050177	+0.000000
+0.352000	+0.019099	+0.050177	+0.000000
+0.353000	+0.019149	+0.050177	+0.000000
+0.354000	+0.019199	+0.050177	+0.000000
+0.355000	+0.019250	+0.050177	+0.000000
+0.356000	+0.019300	+0.050177	+0.000000
+0.357000	+0.019350	+0.050177	+0.000000
+0.358000	+0.019400	+0.050177	+0.000000
+0.359000	+0.019450	+0.050177	+0.000000
+0.360000	+0.019500	+0.050177	+0.000000
+0.361000	+0.019551	+0.050177	+0.000000
+0.362000	+0.019601	+0.050177	+0.000000
+0.363000	+0.019651	+0.050177	+0.000000
+0.364000	+0.019701	+0.050177	+0.000000
+0.365000	+0.019751	+0.050177	+0.000000
+0.366000	+0.019802	+0.050177	+0.000000
+0.367000	+0.019852	+0.050177	+0.000000
+0.368000	+0.019902	+0.050177	+0.000000
+0.369000	+0.019952	+0.050177	+0.000000
+0.370000	+0.020002	+0.050177	+0.000000
+0.371000	+0.020052	+0.050177	+0.000000
+0.372000	+0.020103	+0.050177	+0.000000
+0.373000	+0.020153	+0.050177	+0.000000
+0.374000	+0.020203	+0.050177	+0.000000
+0.375000	+0.020253	+0.050177	+0.000000
+0.376000	+0.020303	+0.050177	+0.000000
+0.377000	+0.020353	+0.050177	+0.000000
+0.378000	+0.020404	+0.050177	+0.000000
+0.379000	+0.020454	+0.050177	+0.000000
+0.380000	+0.020504	+0.050177	+0.000000
+0.381000	+0.020554	+0.050177	+0.000000
+0.382000	+0.020604	+0.050177	+0.000000
+0.383000	+0.020655	+0.050177	+0.000000
+0.384000	+0.020705	+0.050177	+0.000000
+0.385000	+0.020755	+0.050177	+0.000000
+0.386000	+0.020805	+0.050177	+0.000000
+0.387000	+0.020855	+0.050177	+0.000000
+0.388000	+0.020905	+0.050177	+0.000000
+0.389000	+0.020956	+0.050177	+0.000000
+0.390000	+0.021006	+0.050177	+0.000000
+0.391000	+0.021056	+0.050177	+0.000000
+0.392000	+0.021106	+0.050177	+0.000000
+0.393000	+0.021156	+0.050177	+0.000000
+0.394000	+0.021206	+0.050177	+0.000000
+0.395000	+0.021257	+0.050177	+0.000000
+0.396000	+0.021307	+0.050177	+0.000000
+0.397000	+0.021357	+0.050177	+0.000000
+0.398000	+0.021407	+0.050177	+0.000000
+0.399000	+0.021457	+0.050177	+0.000000
+0.400000	+0.021508	+0.050177	+0.000000
+0.401000	+0.021555	+0.047632	+0.000000
+0.402000	+0.021603	+0.047632	+0.000000
+0.403000	+0.021650	+0.047632	+0.000000
+0.404000	+0.021698	+0.047632	+0.000000
+0.405000	+0.021746	+0.047632	+0.000000
+0.406000	+0.021793	+0.047632	+0.000000
+0.407000	+0.021841	+0.047632	+0.000000
+0.408000	+0.021889	+0.047632	+0.000000
+0.409000	+0.021936	+0.047632	+0.000000
+0.410000	+0.021984	+0.047632	+0.000000
+0.411000	+0.022031	+0.047632	+0.000000
+0.412000	+0.022079	+0.047632	+0.000000
+0.413000	+0.022127	+0.047632	+0.000000
+0.414000	+0.022174	+0.047632	+0.000000
+0.415000	+0.022222	+0.047632	+0.000000
+0.416000	+0.022270	+0.047632	+0.000000
+0.417000	+0.022317	+0.047632	+0.000000
+0.418000	+0.022365	+0.047632	+0.000000
+0.419000	+0.022413	+0.047632	+0.000000
+0.420000	+0.022460	+0.047632	+0.000000
+0.421000	+0.022508	+0.047632	+0.000000
+0.422000	+0.022555	+0.047632	+0.000000
+0.423000	+0.022603	+0.047632	+0.000000
+0.424000	+0.022651	+0.047632	+0.000000
+0.425000	+0.022698	+0.047632	+0.000000
+0.426000	+0.022746	+0.047632	+0.000000
+0.427000	+0.022794	+0.047632	+0.000000
+0.428000	+0.022841	+0.047632	+0.000000
+0.429000	+0.022889	+0.047632	+0.000000
+0.430000	+0.022937	+0.047632	+0.000000
+0.431000	+0.022984	+0.047632	+0.000000
+0.432000	+0.023032	+0.047632	+0.000000
+0.433000	+0.023079	+0.047632	+0.000000
+0.434000	+0.023127	+0.047632	+0.000000
+0.435000	+0.023175	+0.047632	+0.000000
+0.436000	+0.023222	+0.047632	+0.000000
+0.437000	+0.023270	+0.047632	+0.000000
+0.438000	+0.023318	+0.047632	+0.000000
+0.439000	+0.023365	+0.047632	+0.000000
+0.440000	+0.023413	+0.047632	+0.000000
+0.441000	+0.023460	+0.047632	+0.000000
+0.442000	+0.023508	+0.047632	+0.000000
+0.443000	+0.023556	+0.047632	+0.000000
+0.444000	+0.023603	+0.047632	+0.000000
+0.445000	+0.023651	+0.047632	+0.000000
+0.446000	+0.023699	+0.047632	+0.000000
+0.447000	+0.023746	+0.047632	+0.000000
+0.448000	+0.023794	+0.047632	+0.000000
+0.449000	+0.023842	+0.047632	+0.000000
+0.450000	+0.023889	+0.047632	+0.000000
+0.451000	+0.023933	+0.043576	+0.000000
+0.452000	+0.023976	+0.043576	+0.000000
+0.453000	+0.024020	+0.043576	+0.000000
+0.454000	+0.024063	+0.043576	+0.000000
+0.455000	+0.024107	+0.043576	+0.000000
+0.456000	+0.024151	+0.043576	+0.000000
+0.457000	+0.024194	+0.043576	+0.000000
+0.458000	+0.024238	+0.043576	+0.000000
+0.459000	+0.024281	+0.043576	+0.000000
+0.460000	+0.024325	+0.043576	+0.000000
+0.461000	+0.024368	+0.043576	+0.000000
+0.462000	+0.024412	+0.043576	+0.000000
+0.463000	+0.024456	+0.043576	+0.000000
+0.464000	+0.024499	+0.043576	+0.000000
+0.465000	+0.024543	+0.043576	+0.000000
+0.466000	+0.024586	+0.043576	+0.000000
+0.467000	+0.024630	+0.043576	+0.000000
+0.468000	+0.024674	+0.043576	+0.000000
+0.469000	+0.024717	+0.043576	+0.000000
+0.470000	+0.024761	+0.043576	+0.000000
+0.471000	+0.024804	+0.043576	+0.000000
+0.472000	+0.024848	+0.043576	+0.000000
+0.473000	+0.024891	+0.043576	+0.000000
+0.474000	+0.024935	+0.043576	+0.000000
+0.475000	+0.024979	+0.043576	+0.000000
+0.476000	+0.025022	+0.043576	+0.000000
+0.477000	+0.025066	+0.043576	+0.000000
+0.478000	+0.025109	+0.043576	+0.000000
+0.479000	+0.025153	+0.043576	+0.000000
+0.480000	+0.025196	+0.043576	+0.000000
+0.481000	+0.025240	+0.043576	+0.000000
+0.482000	+0.025284	+0.043576	+0.000000
+0.483000	+0.025327	+0.043576	+0.000000
+0.484000	+0.025371	+0.043576	+0.000000
+0.485000	+0.025414	+0.043576	+0.000000
+0.486000	+0.025458	+0.043576	+0.000000
+0.487000	+0.025501	+0.043576	+0.000000
+0.488000	+0.025545	+0.043576	+0.000000
+0.489000	+0.025589	+0.043576	+0.000000
+0.490000	+0.025632	+0.043576	+0.000000
+0.491000	+0.025676	+0.043576	+0.000000
+0.492000	+0.025719	+0.043576	+0.000000
+0.493000	+0.025763	+0.043576	+0.000000
+0.494000	+0.025806	+0.043576	+0.000000
+0.495000	+0.025850	+0.043576	+0.000000
+0.496000	+0.025894	+0.043576	+0.000000
+0.497000	+0.025937	+0.043576	+0.000000
+0.498000	+0.025981	+0.043576	+0.000000
+0.499000	+0.026024	+0.043576	+0.000000
+0.500000	+0.026068	+0.043576	+0.000000
+0.501000	+0.026107	+0.038849	+0.000000
+0.502000	+0.026146	+0.038849	+0.000000
+0.503000	+0.026184	+0.038849	+0.000000
+0.504000	+0.026223	+0.038849	+0.000000
+0.505000	+0.026262	+0.038849	+0.000000
+0.506000	+0.026301	+0.038849	+0.000000
+0.507000	+0.026340	+0.038849	+0.000000
+0.508000	+0.026379	+0.038849	+0.000000
+0.509000	+0.026418	+0.038849	+0.000000
+0.510000	+0.026456	+0.038849	+0.000000
+0.511000	+0.026495	+0.038849	+0.000000
+0.512000	+0.026534	+0.038849	+0.000000
+0.513000	+0.026573	+0.038849	+0.000000
+0.514000	+0.026612	+0.038849	+0.000000
+0.515000	+0.026651	+0.038849	+0.000000
+0.516000	+0.026690	+0.038849	+0.000000
+0.517000	+0.026728	+0.038849	+0.000000
+0.518000	+0.026767	+0.038849	+0.000000
+0.519000	+0.026806	+0.038849	+0.000000
+0.520000	+0.026845	+0.038849	+0.000000
+0.521000	+0.026884	+0.038849	+0.000000
+0.522000	+0.026923	+0.038849	+0.000000
+0.523000	+0.026961	+0.038849	+0.000000
+0.524000	+0.027000	+0.038849	+0.000000
+0.525000	+0.027039	+0.038849	+0.000000
+0.526000	+0.027078	+0.038849	+0.000000
+0.527000	+0.027117	+0.038849	+0.000000
+0.528000	+0.027156	+0.038849	+0.000000
+0.529000	+0.027195	+0.038849	+0.000000
+0.530000	+0.027233	+0.038849	+0.000000
+0.531000	+0.027272	+0.038849	+0.000000
+0.532000	+0.027311	+0.038849	+0.000000
+0.533000	+0.027350	+0.038849	+0.000000
+0.534000	+0.027389	+0.038849	+0.000000
+0.535000	+0.027428	+0.038849	+0.000000
+0.536000	+0.027467	+0.038849	+0.000000
+0.537000	+0.027505	+0.038849	+0.000000
+0.538000	+0.027544	+0.038849	+0.000000
+0.539000	+0.027583	+0.038849	+0.000000
+0.540000	+0.027622	+0.038849	+0.000000
+0.541000	+0.027661	+0.038849	+0.000000
+0.542000	+0.027700	+0.038849	+0.000000
+0.543000	+0.027738	+0.038849	+0.000000
+0.544000	+0.027777	+0.038849	+0.000000
+0.545000	+0.027816	+0.038849	+0.000000
+0.546000	+0.027855	+0.038849	+0.000000
+0.547000	+0.027894	+0.038849	+0.000000
+0.548000	+0.027933	+0.038849	+0.000000
+0.549000	+0.027972	+0.038849	+0.000000
+0.550000	+0.028010	+0.038849	+0.000000
+0.551000	+0.028045	+0.034683	+0.000000
+0.552000	+0.028080	+0.034683	+0.000000
+0.553000	+0.028114	+0.034683	+0.000000
+0.554000	+0.028149	+0.034683	+0.000000
+0.555000	+0.028184	+0.034683	+0.000000
+0.556000	+0.028218	+0.034683	+0.000000
+0.557000	+0.028253	+0.034683	+0.000000
+0.558000	+0.028288	+0.034683	+0.000000
+0.559000	+0.028323	+0.034683	+0.000000
+0.560000	+0.028357	+0.034683	+0.000000
+0.561000	+0.028392	+0.034683	+0.000000
+0.562000	+0.028427	+0.034683	+0.000000
+0.563000	+0.028461	+0.034683	+0.000000
+0.564000	+0.028496	+0.034683	+0.000000
+0.565000	+0.028531	+0.034683	+0.000000
+0.566000	+0.028565	+0.034683	+0.000000
+0.567000	+0.028600	+0.034683	+0.000000
+0.568000	+0.028635	+0.034683	+0.000000
+0.569000	+0.028669	+0.034683	+0.000000
+0.570000	+0.028704	+0.034683	+0.000000
+0.571000	+0.028739	+0.034683	+0.000000
+0.572000	+0.028773	+0.034683	+0.000000
+0.573000	+0.028808	+0.034683	+0.000000
+0.574000	+0.028843	+0.034683	+0.000000
+0.575000	+0.028877	+0.034683	+0.000000
+0.576000	+0.028912	+0.034683	+0.000000
+0.577000	+0.028947	+0.034683	+0.000000
+0.578000	+0.028982	+0.034683	+0.000000
+0.579000	+0.029016	+0.034683	+0.000000
+0.580000	+0.029051	+0.034683	+0.000000
+0.581000	+0.029086	+0.034683	+0.000000
+0.582000	+0.029120	+0.034683	+0.000000
+0.583000	+0.029155	+0.034683	+0.000000
+0.584000	+0.029190	+0.034683	+0.000000
+0.585000	+0.029224	+0.034683	+0.000000
+0.586000	+0.029259	+0.034683	+0.000000
+0.587000	+0.029294	+0.034683	+0.000000
+0.588000	+0.029328	+0.034683	+0.000000
+0.589000	+0.029363	+0.034683	+0.000000
+0.590000	+0.029398	+0.034683	+0.000000
+0.591000	+0.029432	+0.034683	+0.000000
+0.592000	+0.029467	+0.034683	+0.000000
+0.593000	+0.029502	+0.034683	+0.000000
+0.594000	+0.029536	+0.034683	+0.000000
+0.595000	+0.029571	+0.034683	+0.000000
+0.596000	+0.029606	+0.034683	+0.000000
+0.597000	+0.029640	+0.034683	+0.000000
+0.598000	+0.029675	+0.034683	+0.000000
+0.599000	+0.029710	+0.034683	+0.000000
+0.600000	+0.029745	+0.034683	+0.000000
+0.601000	+0.029777	+0.032391	+0.000000
+0.602000	+0.029809	+0.032391	+0.000000
+0.603000	+0.029842	+0.032391	+0.000000
+0.604000	+0.029874	+0.032391	+0.000000
+0.605000	+0.029907	+0.032391	+0.000000
+0.606000	+0.029939	+0.032391	+0.000000
+0.607000	+0.029971	+0.032391	+0.000000
+0.608000	+0.030004	+0.032391	+0.000000
+0.609000	+0.030036	+0.032391	+0.000000
+0.610000	+0.030068	+0.032391	+0.000000
+0.611000	+0.030101	+0.032391	+0.000000
+0.612000	+0.030133	+0.032391	+0.000000
+0.613000	+0.030166	+0.032391	+0.000000
+0.614000	+0.030198	+0.032391	+0.000000
+0.615000	+0.030230	+0.032391	+0.000000
+0.616000	+0.030263	+0.032391	+0.000000
+0.617000	+0.030295	+0.032391	+0.000000
+0.618000	+0.030328	+0.032391	+0.000000
+0.619000	+0.030360	+0.032391	+0.000000
+0.620000	+0.030392	+0.032391	+0.000000
+0.621000	+0.030425	+0.032391	+0.000000
+0.622000	+0.030457	+0.032391	+0.000000
+0.623000	+0.030490	+0.032391	+0.000000
+0.624000	+0.030522	+0.032391	+0.000000
+0.625000	+0.030554	+0.032391	+0.000000
+0.626000	+0.030587	+0.032391	+0.000000
+0.627000	+0.030619	+0.032391	+0.000000
+0.628000	+0.030651	+0.032391	+0.000000
+0.629000	+0.030684	+0.032391	+0.000000
+0.630000	+0.030716	+0.032391	+0.000000
+0.631000	+0.030749	+0.032391	+0.000000
+0.632000	+0.030781	+0.032391	+0.000000
+0.633000	+0.030813	+0.032391	+0.000000
+0.634000	+0.030846	+0.032391	+0.000000
+0.635000	+0.030878	+0.032391	+0.000000
+0.636000	+0.030911	+0.032391	+0.000000
+0.637000	+0.030943	+0.032391	+0.000000
+0.638000	+0.030975	+0.032391	+0.000000
+0.639000	+0.031008	+0.032391	+0.000000
+0.640000	+0.031040	+0.032391	+0.000000
+0.641000	+0.031073	+0.032391	+0.000000
+0.642000	+0.031105	+0.032391	+0.000000
+0.643000	+0.031137	+0.032391	+0.000000
+0.644000	+0.031170	+0.032391	+0.000000
+0.645000	+0.031202	+0.032391	+0.000000
+0.646000	+0.031235	+0.032391	+0.000000
+0.647000	+0.031267	+0.032391	+0.000000
+0.648000	+0.031299	+0.032391	+0.000000
+0.649000	+0.031332	+0.032391	+0.000000
+0.650000	+0.031364	+0.032391	+0.000000
+0.651000	+0.031397	+0.032414	+0.000000
+0.652000	+0.031429	+0.032414	+0.000000
+0.653000	+0.031461	+0.032414	+0.000000
+0.654000	+0.031494	+0.032414	+0.000000
+0.655000	+0.031526	+0.032414	+0.000000
+0.656000	+0.031559	+0.032414	+0.000000
+0.657000	+0.031591	+0.032414	+0.000000
+0.658000	+0.031623	+0.032414	+0.000000
+0.659000	+0.031656	+0.032414	+0.000000
+0.660000	+0.031688	+0.032414	+0.000000
+0.661000	+0.031721	+0.032414	+0.000000
+0.662000	+0.031753	+0.032414	+0.000000
+0.663000	+0.031785	+0.032414	+0.000000
+0.664000	+0.031818	+0.032414	+0.000000
+0.665000	+0.031850	+0.032414	+0.000000
+0.666000	+0.031883	+0.032414	+0.000000
+0.667000	+0.031915	+0.032414	+0.000000
+0.668000	+0.031948	+0.032414	+0.000000
+0.669000	+0.031980	+0.032414	+0.000000
+0.670000	+0.032012	+0.032414	+0.000000
+0.671000	+0.032045	+0.032414	+0.000000
+0.672000	+0.032077	+0.032414	+0.000000
+0.673000	+0.032110	+0.032414	+0.000000
+0.674000	+0.032142	+0.032414	+0.000000
+0.675000	+0.032174	+0.032414	+0.000000
+0.676000	+0.032207	+0.032414	+0.000000
+0.677000	+0.032239	+0.032414	+0.000000
+0.678000	+0.032272	+0.032414	+0.000000
+0.679000	+0.032304	+0.032414	+0.000000
+0.680000	+0.032337	+0.032414	+0.000000
+0.681000	+0.032369	+0.032414	+0.000000
+0.682000	+0.032401	+0.032414	+0.000000
+0.683000	+0.032434	+0.032414	+0.000000
+0.684000	+0.032466	+0.032414	+0.000000
+0.685000	+0.032499	+0.032414	+0.000000
+0.686000	+0.032531	+0.032414	+0.000000
+0.687000	+0.032563	+0.032414	+0.000000
+0.688000	+0.032596	+0.032414	+0.000000
+0.689000	+0.032628	+0.032414	+0.000000
+0.690000	+0.032661	+0.032414	+0.000000
+0.691000	+0.032693	+0.032414	+0.000000
+0.692000	+0.032725	+0.032414	+0.000000
+0.693000	+0.032758	+0.032414	+0.000000
+0.694000	+0.032790	+0.032414	+0.000000
+0.695000	+0.032823	+0.032414	+0.000000
+0.696000	+0.032855	+0.032414	+0.000000
+0.697000	+0.032888	+0.032414	+0.000000
+0.698000	+0.032920	+0.032414	+0.000000
+0.699000	+0.032952	+0.032414	+0.000000
+0.700000	+0.032985	+0.032414	+0.000000
+0.701000	+0.033014	+0.029163	+0.000000
+0.702000	+0.033043	+0.029163	+0.000000
+0.703000	+0.033072	+0.029163	+0.000000
+0.704000	+0.033101	+0.029163	+0.000000
+0.705000	+0.033131	+0.029163	+0.000000
+0.706000	+0.033160	+0.029163	+0.000000
+0.707000	+0.033189	+0.029163	+0.000000
+0.708000	+0.033218	+0.029163	+0.000000
+0.709000	+0.033247	+0.029163	+0.000000
+0.710000	+0.033276	+0.029163	+0.000000
+0.711000	+0.033306	+0.029163	+0.000000
+0.712000	+0.033335	+0.029163	+0.000000
+0.713000	+0.033364	+0.029163	+0.000000
+0.714000	+0.033393	+0.029163	+0.000000
+0.715000	+0.033422	+0.029163	+0.000000
+0.716000	+0.033451	+0.029163	+0.000000
+0.717000	+0.033481	+0.029163	+0.000000
+0.718000	+0.033510	+0.029163	+0.000000
+0.719000	+0.033539	+0.029163	+0.000000
+0.720000	+0.033568	+0.029163	+0.000000
+0.721000	+0.033597	+0.029163	+0.000000
+0.722000	+0.033626	+0.029163	+0.000000
+0.723000	+0.033656	+0.029163	+0.000000
+0.724000	+0.033685	+0.029163	+0.000000
+0.725000	+0.033714	+0.029163	+0.000000
+0.726000	+0.033743	+0.029163	+0.000000
+0.727000	+0.033772	+0.029163	+0.000000
+0.728000	+0.033801	+0.029163	+0.000000
+0.729000	+0.033831	+0.029163	+0.000000
+0.730000	+0.033860	+0.029163	+0.000000
+0.731000	+0.033889	+0.029163	+0.000000
+0.732000	+0.033918	+0.029163	+0.000000
+0.733000	+0.033947	+0.029163	+0.000000
+0.734000	+0.033976	+0.029163	+0.000000
+0.735000	+0.034006	+0.029163	+0.000000
+0.736000	+0.034035	+0.029163	+0.000000
+0.737000	+0.034064	+0.029163	+0.000000
+0.738000	+0.034093	+0.029163	+0.000000
+0.739000	+0.034122	+0.029163	+0.000000
+0.740000	+0.034151	+0.029163	+0.000000
+0.741000	+0.034180	+0.029163	+0.000000
+0.742000	+0.034210	+0.029163	+0.000000
+0.743000	+0.034239	+0.029163	+0.000000
+0.744000	+0.034268	+0.029163	+0.000000
+0.745000	+0.034297	+0.029163	+0.000000
+0.746000	+0.034326	+0.029163	+0.000000
+0.747000	+0.034355	+0.029163	+0.000000
+0.748000	+0.034385	+0.029163	+0.000000
+0.749000	+0.034414	+0.029163	+0.000000
+0.750000	+0.034443	+0.029163	+0.000000
+0.751000	+0.034466	+0.023062	+0.000000
+0.752000	+0.034489	+0.023062	+0.000000
+0.753000	+0.034512	+0.023062	+0.000000
+0.754000	+0.034535	+0.023062	+0.000000
+0.755000	+0.034558	+0.023062	+0.000000
+0.756000	+0.034581	+0.023062	+0.000000
+0.757000	+0.034604	+0.023062	+0.000000
+0.758000	+0.034627	+0.023062	+0.000000
+0.759000	+0.034651	+0.023062	+0.000000
+0.760000	+0.034674	+0.023062	+0.000000
+0.761000	+0.034697	+0.023062	+0.000000
+0.762000	+0.034720	+0.023062	+0.000000
+0.763000	+0.034743	+0.023062	+0.000000
+0.764000	+0.034766	+0.023062	+0.000000
+0.765000	+0.034789	+0.023062	+0.000000
+0.766000	+0.034812	+0.023062	+0.000000
+0.767000	+0.034835	+0.023062	+0.000000
+0.768000	+0.034858	+0.023062	+0.000000
+0.769000	+0.034881	+0.023062	+0.000000
+0.770000	+0.034904	+0.023062	+0.000000
+0.771000	+0.034927	+0.023062	+0.000000
+0.772000	+0.034950	+0.023062	+0.000000
+0.773000	+0.034973	+0.023062	+0.000000
+0.774000	+0.034996	+0.023062	+0.000000
+0.775000	+0.035020	+0.023062	+0.000000
+0.776000	+0.035043	+0.023062	+0.000000
+0.777000	+0.035066	+0.023062	+0.000000
+0.778000	+0.035089	+0.023062	+0.000000
+0.779000	+0.035112	+0.023062	+0.000000
+0.780000	+0.035135	+0.023062	+0.000000
+0.781000	+0.035158	+0.023062	+0.000000
+0.782000	+0.035181	+0.023062	+0.000000
+0.783000	+0.035204	+0.023062	+0.000000
+0.784000	+0.035227	+0.023062	+0.000000
+0.785000	+0.035250	+0.023062	+0.000000
+0.786000	+0.035273	+0.023062	+0.000000
+0.787000	+0.035296	+0.023062	+0.000000
+0.788000	+0.035319	+0.023062	+0.000000
+0.789000	+0.035342	+0.023062	+0.000000
+0.790000	+0.035365	+0.023062	+0.000000
+0.791000	+0.035389	+0.023062	+0.000000
+0.792000	+0.035412	+0.023062	+0.000000
+0.793000	+0.035435	+0.023062	+0.000000
+0.794000	+0.035458	+0.023062	+0.000000
+0.795000	+0.035481	+0.023062	+0.000000
+0.796000	+0.035504	+0.023062	+0.000000
+0.797000	+0.035527	+0.023062	+0.000000
+0.798000	+0.035550	+0.023062	+0.000000
+0.799000	+0.035573	+0.023062	+0.000000
+0.800000	+0.035596	+0.023062	+0.000000
+0.801000	+0.035611	+0.015358	+0.000000
+0.802000	+0.035627	+0.015358	+0.000000
+0.803000	+0.035642	+0.015358	+0.000000
+0.804000	+0.035657	+0.015358	+0.000000
+0.805000	+0.035673	+0.015358	+0.000000
+0.806000	+0.035688	+0.015358	+0.000000
+0.807000	+0.035704	+0.015358	+0.000000
+0.808000	+0.035719	+0.015358	+0.000000
+0.809000	+0.035734	+0.015358	+0.000000
+0.810000	+0.035750	+0.015358	+0.000000
+0.811000	+0.035765	+0.015358	+0.000000
+0.812000	+0.035780	+0.015358	+0.000000
+0.813000	+0.035796	+0.015358	+0.000000
+0.814000	+0.035811	+0.015358	+0.000000
+0.815000	+0.035826	+0.015358	+0.000000
+0.816000	+0.035842	+0.015358	+0.000000
+0.817000	+0.035857	+0.015358	+0.000000
+0.818000	+0.035873	+0.015358	+0.000000
+0.819000	+0.035888	+0.015358	+0.000000
+0.820000	+0.035903	+0.015358	+0.000000
+0.821000	+0.035919	+0.015358	+0.000000
+0.822000	+0.035934	+0.015358	+0.000000
+0.823000	+0.035949	+0.015358	+0.000000
+0.824000	+0.035965	+0.015358	+0.000000
+0.825000	+0.035980	+0.015358	+0.000000
+0.826000	+0.035995	+0.015358	+0.000000
+0.827000	+0.036011	+0.015358	+0.000000
+0.828000	+0.036026	+0.015358	+0.000000
+0.829000	+0.036041	+0.015358	+0.000000
+0.830000	+0.036057	+0.015358	+0.000000
+0.831000	+0.036072	+0.015358	+0.000000
+0.832000	+0.036088	+0.015358	+0.000000
+0.833000	+0.036103	+0.015358	+0.000000
+0.834000	+0.036118	+0.015358	+0.000000
+0.835000	+0.036134	+0.015358	+0.000000
+0.836000	+0.036149	+0.015358	+0.000000
+0.837000	+0.036164	+0.015358	+0.000000
+0.838000	+0.036180	+0.015358	+0.000000
+0.839000	+0.036195	+0.015358	+0.000000
+0.840000	+0.036210	+0.015358	+0.000000
+0.841000	+0.036226	+0.015358	+0.000000
+0.842000	+0.036241	+0.015358	+0.000000
+0.843000	+0.036256	+0.015358	+0.000000
+0.844000	+0.036272	+0.015358	+0.000000
+0.845000	+0.036287	+0.015358	+0.000000
+0.846000	+0.036303	+0.015358	+0.000000
+0.847000	+0.036318	+0.015358	+0.000000
+0.848000	+0.036333	+0.015358	+0.000000
+0.849000	+0.036349	+0.015358	+0.000000
+0.850000	+0.036364	+0.015358	+0.000000
+0.851000	+0.036372	+0.007890	+0.000000
+0.852000	+0.036380	+0.007890	+0.000000
+0.853000	+0.036388	+0.007890	+0.000000
+0.854000	+0.036396	+0.007890	+0.000000
+0.855000	+0.036403	+0.007890	+0.000000
+0.856000	+0.036411	+0.007890	+0.000000
+0.857000	+0.036419	+0.007890	+0.000000
+0.858000	+0.036427	+0.007890	+0.000000
+0.859000	+0.036435	+0.007890	+0.000000
+0.860000	+0.036443	+0.007890	+0.000000
+0.861000	+0.036451	+0.007890	+0.000000
+0.862000	+0.036459	+0.007890	+0.000000
+0.863000	+0.036467	+0.007890	+0.000000
+0.864000	+0.036474	+0.007890	+0.000000
+0.865000	+0.036482	+0.007890	+0.000000
+0.866000	+0.036490	+0.007890	+0.000000
+0.867000	+0.036498	+0.007890	+0.000000
+0.868000	+0.036506	+0.007890	+0.000000
+0.869000	+0.036514	+0.007890	+0.000000
+0.870000	+0.036522	+0.007890	+0.000000
+0.871000	+0.036530	+0.007890	+0.000000
+0.872000	+0.036538	+0.007890	+0.000000
+0.873000	+0.036545	+0.007890	+0.000000
+0.874000	+0.036553	+0.007890	+0.000000
+0.875000	+0.036561	+0.007890	+0.000000
+0.876000	+0.036569	+0.007890	+0.000000
+0.877000	+0.036577	+0.007890	+0.000000
+0.878000	+0.036585	+0.007890	+0.000000
+0.879000	+0.036593	+0.007890	+0.000000
+0.880000	+0.036601	+0.007890	+0.000000
+0.881000	+0.036609	+0.007890	+0.000000
+0.882000	+0.036616	+0.007890	+0.000000
+0.883000	+0.036624	+0.007890	+0.000000
+0.884000	+0.036632	+0.007890	+0.000000
+0.885000	+0.036640	+0.007890	+0.000000
+0.886000	+0.036648	+0.007890	+0.000000
+0.887000	+0.036656	+0.007890	+0.000000
+0.888000	+0.036664	+0.007890	+0.000000
+0.889000	+0.036672	+0.007890	+0.000000
+0.890000	+0.036680	+0.007890	+0.000000
+0.891000	+0.036687	+0.007890	+0.000000
+0.892000	+0.036695	+0.007890	+0.000000
+0.893000	+0.036703	+0.007890	+0.000000
+0.894000	+0.036711	+0.007890	+0.000000
+0.895000	+0.036719	+0.007890	+0.000000
+0.896000	+0.036727	+0.007890	+0.000000
+0.897000	+0.036735	+0.007890	+0.000000
+0.898000	+0.036743	+0.007890	+0.000000
+0.899000	+0.036751	+0.007890	+0.000000
+0.900000	+0.036758	+0.007890	+0.000000
+0.901000	+0.036761	+0.002666	+0.000000
+0.902000	+0.036764	+0.002666	+0.000000
+0.903000	+0.036766	+0.002666	+0.000000
+0.904000	+0.036769	+0.002666	+0.000000
+0.905000	+0.036772	+0.002666	+0.000000
+0.906000	+0.036774	+0.002666	+0.000000
+0.907000	+0.036777	+0.002666	+0.000000
+0.908000	+0.036780	+0.002666	+0.000000
+0.909000	+0.036782	+0.002666	+0.000000
+0.910000	+0.036785	+0.002666	+0.000000
+0.911000	+0.036788	+0.002666	+0.000000
+0.912000	+0.036790	+0.002666	+0.000000
+0.913000	+0.036793	+0.002666	+0.000000
+0.914000	+0.036796	+0.002666	+0.000000
+0.915000	+0.036798	+0.002666	+0.000000
+0.916000	+0.036801	+0.002666	+0.000000
+0.917000	+0.036804	+0.002666	+0.000000
+0.918000	+0.036806	+0.002666	+0.000000
+0.919000	+0.036809	+0.002666	+0.000000
+0.920000	+0.036812	+0.002666	+0.000000
+0.921000	+0.036814	+0.002666	+0.000000
+0.922000	+0.036817	+0.002666	+0.000000
+0.923000	+0.036820	+0.002666	+0.000000
+0.924000	+0.036822	+0.002666	+0.000000
+0.925000	+0.036825	+0.002666	+0.000000
+0.926000	+0.036828	+0.002666	+0.000000
+0.927000	+0.036830	+0.002666	+0.000000
+0.928000	+0.036833	+0.002666	+0.000000
+0.929000	+0.036836	+0.002666	+0.000000
+0.930000	+0.036838	+0.002666	+0.000000
+0.931000	+0.036841	+0.002666	+0.000000
+0.932000	+0.036844	+0.002666	+0.000000
+0.933000	+0.036846	+0.002666	+0.000000
+0.934000	+0.036849	+0.002666	+0.000000
+0.935000	+0.036852	+0.002666	+0.000000
+0.936000	+0.036854	+0.002666	+0.000000
+0.937000	+0.036857	+0.002666	+0.000000
+0.938000	+0.036860	+0.002666	+0.000000
+0.939000	+0.036862	+0.002666	+0.000000
+0.940000	+0.036865	+0.002666	+0.000000
+0.941000	+0.036868	+0.002666	+0.000000
+0.942000	+0.036870	+0.002666	+0.000000
+0.943000	+0.036873	+0.002666	+0.000000
+0.944000	+0.036876	+0.002666	+0.000000
+0.945000	+0.036878	+0.002666	+0.000000
+0.946000	+0.036881	+0.002666	+0.000000
+0.947000	+0.036884	+0.002666	+0.000000
+0.948000	+0.036886	+0.002666	+0.000000
+0.949000	+0.036889	+0.002666	+0.000000
+0.950000	+0.036892	+0.002666	+0.000000
+0.951000	+0.036893	+0.001357	+0.000000
+0.952000	+0.036894	+0.001357	+0.000000
+0.953000	+0.036896	+0.001357	+0.000000
+0.954000	+0.036897	+0.001357	+0.000000
+0.955000	+0.036899	+0.001357	+0.000000
+0.956000	+0.036900	+0.001357	+0.000000
+0.957000	+0.036901	+0.001357	+0.000000
+0.958000	+0.036903	+0.001357	+0.000000
+0.959000	+0.036904	+0.001357	+0.000000
+0.960000	+0.036905	+0.001357	+0.000000
+0.961000	+0.036907	+0.001357	+0.000000
+0.962000	+0.036908	+0.001357	+0.000000
+0.963000	+0.036909	+0.001357	+0.000000
+0.964000	+0.036911	+0.001357	+0.000000
+0.965000	+0.036912	+0.001357	+0.000000
+0.966000	+0.036913	+0.001357	+0.000000
+0.967000	+0.036915	+0.001357	+0.000000
+0.968000	+0.036916	+0.001357	+0.000000
+0.969000	+0.036918	+0.001357	+0.000000
+0.970000	+0.036919	+0.001357	+0.000000
+0.971000	+0.036920	+0.001357	+0.000000
+0.972000	+0.036922	+0.001357	+0.000000
+0.973000	+0.036923	+0.001357	+0.000000
+0.974000	+0.036924	+0.001357	+0.000000
+0.975000	+0.036926	+0.001357	+0.000000
+0.976000	+0.036927	+0.001357	+0.000000
+0.977000	+0.036928	+0.001357	+0.000000
+0.978000	+0.036930	+0.001357	+0.000000
+0.979000	+0.036931	+0.001357	+0.000000
+0.980000	+0.036932	+0.001357	+0.000000
+0.981000	+0.036934	+0.001357	+0.000000
+0.982000	+0.036935	+0.001357	+0.000000
+0.983000	+0.036937	+0.001357	+0.000000
+0.984000	+0.036938	+0.001357	+0.000000
+0.985000	+0.036939	+0.001357	+0.000000
+0.986000	+0.036941	+0.001357	+0.000000
+0.987000	+0.036942	+0.001357	+0.000000
+0.988000	+0.036943	+0.001357	+0.000000
+0.989000	+0.036945	+0.001357	+0.000000
+0.990000	+0.036946	+0.001357	+0.000000
+0.991000	+0.036947	+0.001357	+0.000000
+0.992000	+0.036949	+0.001357	+0.000000
+0.993000	+0.036950	+0.001357	+0.000000
+0.994000	+0.036951	+0.001357	+0.000000
+0.995000	+0.036953	+0.001357	+0.000000
+0.996000	+0.036954	+0.001357	+0.000000
+0.997000	+0.036956	+0.001357	+0.000000
+0.998000	+0.036957	+0.001357	+0.000000
+0.999000	+0.036958	+0.001357	+0.000000
+1.000000	+0.036960	+0.001357	+0.000000
