a=	-1.000000	b=	+1.000000	n=	+80	h=	+0.025000
x	g(x)	g'(x)	g''(x)
-1.000000	-0.073754	+0.001171	+0.000000
-0.999000	-0.073753	+0.001171	+0.000000
-0.998000	-0.073752	+0.001171	+0.000000
-0.997000	-0.073751	+0.001171	+0.000000
-0.996000	-0.073749	+0.001171	+0.000000
-0.995000	-0.073748	+0.001171	+0.000000
-0.994000	-0.073747	+0.001171	+0.000000
-0.993000	-0.073746	+0.001171	+0.000000
-0.992000	-0.073745	+0.001171	+0.000000
-0.991000	-0.073743	+0.001171	+0.000000
-0.990000	-0.073742	+0.001171	+0.000000
-0.989000	-0.073741	+0.001171	+0.000000
-0.988000	-0.073740	+0.001171	+0.000000
-0.987000	-0.073739	+0.001171	+0.000000
-0.986000	-0.073738	+0.001171	+0.000000
-0.985000	-0.073736	+0.001171	+0.000000
-0.984000	-0.073735	+0.001171	+0.000000
-0.983000	-0.073734	+0.001171	+0.000000
-0.982000	-0.073733	+0.001171	+0.000000
-0.981000	-0.073732	+0.001171	+0.000000
-0.980000	-0.073731	+0.001171	+0.000000
-0.979000	-0.073729	+0.001171	+0.000000
-0.978000	-0.073728	+0.001171	+0.000000
-0.977000	-0.073727	+0.001171	+0.000000
-0.976000	-0.073726	+0.001171	+0.000000
-0.975000	-0.073725	+0.001171	+0.000000
-0.974000	-0.073714	+0.010253	+0.000000
-0.973000	-0.073704	+0.010253	+0.000000
-0.972000	-0.073694	+0.010253	+0.000000
-0.971000	-0.073684	+0.010253	+0.000000
-0.970000	-0.073673	+0.010253	+0.000000
-0.969000	-0.073663	+0.010253	+0.000000
-0.968000	-0.073653	+0.010253	+0.000000
-0.967000	-0.073643	+0.010253	+0.000000
-0.966000	-0.073632	+0.010253	+0.000000
-0.965000	-0.073622	+0.010253	+0.000000
-0.964000	-0.073612	+0.010253	+0.000000
-0.963000	-0.073602	+0.010253	+0.000000
-0.962000	-0.073591	+0.010253	+0.000000
-0.961000	-0.073581	+0.010253	+0.000000
-0.960000	-0.073571	+0.010253	+0.000000
-0.959000	-0.073561	+0.010253	+0.000000
-0.958000	-0.073550	+0.010253	+0.000000
-0.957000	-0.073540	+0.010253	+0.000000
-0.956000	-0.073530	+0.010253	+0.000000
-0.955000	-0.073520	+0.010253	+0.000000
-0.954000	-0.073509	+0.010253	+0.000000
-0.953000	-0.073499	+0.010253	+0.000000
-0.952000	-0.073489	+0.010253	+0.000000
-0.951000	-0.073479	+0.010253	+0.000000
-0.950000	-0.073468	+0.010253	+0.000000
-0.949000	-0.073457	+0.011192	+0.000000
-0.948000	-0.073446	+0.011192	+0.000000
-0.947000	-0.073435	+0.011192	+0.000000
-0.946000	-0.073424	+0.011192	+0.000000
-0.945000	-0.073412	+0.011192	+0.000000
-0.944000	-0.073401	+0.011192	+0.000000
-0.943000	-0.073390	+0.011192	+0.000000
-0.942000	-0.073379	+0.011192	+0.000000
-0.941000	-0.073368	+0.011192	+0.000000
-0.940000	-0.073357	+0.011192	+0.000000
-0.939000	-0.073345	+0.011192	+0.000000
-0.938000	-0.073334	+0.011192	+0.000000
-0.937000	-0.073323	+0.011192	+0.000000
-0.936000	-0.073312	+0.011192	+0.000000
-0.935000	-0.073301	+0.011192	+0.000000
-0.934000	-0.073289	+0.011192	+0.000000
-0.933000	-0.073278	+0.011192	+0.000000
-0.932000	-0.073267	+0.011192	+0.000000
-0.931000	-0.073256	+0.011192	+0.000000
-0.930000	-0.073245	+0.011192	+0.000000
-0.929000	-0.073233	+0.011192	+0.000000
-0.928000	-0.073222	+0.011192	+0.000000
-0.927000	-0.073211	+0.011192	+0.000000
-0.926000	-0.073200	+0.011192	+0.000000
-0.925000	-0.073189	+0.011192	+0.000000
-0.924000	-0.073170	+0.018986	+0.000000
-0.923000	-0.073151	+0.018986	+0.000000
-0.922000	-0.073132	+0.018986	+0.000000
-0.921000	-0.073113	+0.018986	+0.000000
-0.920000	-0.073094	+0.018986	+0.000000
-0.919000	-0.073075	+0.018986	+0.000000
-0.918000	-0.073056	+0.018986	+0.000000
-0.917000	-0.073037	+0.018986	+0.000000
-0.916000	-0.073018	+0.018986	+0.000000
-0.915000	-0.072999	+0.018986	+0.000000
-0.914000	-0.072980	+0.018986	+0.000000
-0.913000	-0.072961	+0.018986	+0.000000
-0.912000	-0.072942	+0.018986	+0.000000
-0.911000	-0.072923	+0.018986	+0.000000
-0.910000	-0.072904	+0.018986	+0.000000
-0.909000	-0.072885	+0.018986	+0.000000
-0.908000	-0.072866	+0.018986	+0.000000
-0.907000	-0.072847	+0.018986	+0.000000
-0.906000	-0.072828	+0.018986	+0.000000
-0.905000	-0.072809	+0.018986	+0.000000
-0.904000	-0.072790	+0.018986	+0.000000
-0.903000	-0.072771	+0.018986	+0.000000
-0.902000	-0.072752	+0.018986	+0.000000
-0.901000	-0.072733	+0.018986	+0.000000
-0.900000	-0.072714	+0.018986	+0.000000
-0.899000	-0.072690	+0.023847	+0.000000
-0.898000	-0.072666	+0.023847	+0.000000
-0.897000	-0.072642	+0.023847	+0.000000
-0.896000	-0.072619	+0.023847	+0.000000
-0.895000	-0.072595	+0.023847	+0.000000
-0.894000	-0.072571	+0.023847	+0.000000
-0.893000	-0.072547	+0.023847	+0.000000
-0.892000	-0.072523	+0.023847	+0.000000
-0.891000	-0.072499	+0.023847	+0.000000
-0.890000	-0.072476	+0.023847	+0.000000
-0.889000	-0.072452	+0.023847	+0.000000
-0.888000	-0.072428	+0.023847	+0.000000
-0.887000	-0.072404	+0.023847	+0.000000
-0.886000	-0.072380	+0.023847	+0.000000
-0.885000	-0.072356	+0.023847	+0.000000
-0.884000	-0.072332	+0.023847	+0.000000
-0.883000	-0.072309	+0.023847	+0.000000
-0.882000	-0.072285	+0.023847	+0.000000
-0.881000	-0.072261	+0.023847	+0.000000
-0.880000	-0.072237	+0.023847	+0.000000
-0.879000	-0.072213	+0.023847	+0.000000
-0.878000	-0.072189	+0.023847	+0.000000
-0.877000	-0.072166	+0.023847	+0.000000
-0.876000	-0.072142	+0.023847	+0.000000
-0.875000	-0.072118	+0.023847	+0.000000
-0.874000	-0.072089	+0.028568	+0.000000
-0.873000	-0.072061	+0.028568	+0.000000
-0.872000	-0.072032	+0.028568	+0.000000
-0.871000	-0.072004	+0.028568	+0.000000
-0.870000	-0.071975	+0.028568	+0.000000
-0.869000	-0.071946	+0.028568	+0.000000
-0.868000	-0.071918	+0.028568	+0.000000
-0.867000	-0.071889	+0.028568	+0.000000
-0.866000	-0.071861	+0.028568	+0.000000
-0.865000	-0.071832	+0.028568	+0.000000
-0.864000	-0.071804	+0.028568	+0.000000
-0.863000	-0.071775	+0.028568	+0.000000
-0.862000	-0.071746	+0.028568	+0.000000
-0.861000	-0.071718	+0.028568	+0.000000
-0.860000	-0.071689	+0.028568	+0.000000
-0.859000	-0.071661	+0.028568	+0.000000
-0.858000	-0.071632	+0.028568	+0.000000
-0.857000	-0.071604	+0.028568	+0.000000
-0.856000	-0.071575	+0.028568	+0.000000
-0.855000	-0.071546	+0.028568	+0.000000
-0.854000	-0.071518	+0.028568	+0.000000
-0.853000	-0.071489	+0.028568	+0.000000
-0.852000	-0.071461	+0.028568	+0.000000
-0.851000	-0.071432	+0.028568	+0.000000
-0.850000	-0.071404	+0.028568	+0.000000
-0.849000	-0.071368	+0.035683	+0.000000
-0.848000	-0.071332	+0.035683	+0.000000
-0.847000	-0.071297	+0.035683	+0.000000
-0.846000	-0.071261	+0.035683	+0.000000
-0.845000	-0.071225	+0.035683	+0.000000
-0.844000	-0.071190	+0.035683	+0.000000
-0.843000	-0.071154	+0.035683	+0.000000
-0.842000	-0.071118	+0.035683	+0.000000
-0.841000	-0.071082	+0.035683	+0.000000
-0.840000	-0.071047	+0.035683	+0.000000
-0.839000	-0.071011	+0.035683	+0.000000
-0.838000	-0.070975	+0.035683	+0.000000
-0.837000	-0.070940	+0.035683	+0.000000
-0.836000	-0.070904	+0.035683	+0.000000
-0.835000	-0.070868	+0.035683	+0.000000
-0.834000	-0.070833	+0.035683	+0.000000
-0.833000	-0.070797	+0.035683	+0.000000
-0.832000	-0.070761	+0.035683	+0.000000
-0.831000	-0.070726	+0.035683	+0.000000
-0.830000	-0.070690	+0.035683	+0.000000
-0.829000	-0.070654	+0.035683	+0.000000
-0.828000	-0.070619	+0.035683	+0.000000
-0.827000	-0.070583	+0.035683	+0.000000
-0.826000	-0.070547	+0.035683	+0.000000
-0.825000	-0.070512	+0.035683	+0.000000
-0.824000	-0.070475	+0.036444	+0.000000
-0.823000	-0.070439	+0.036444	+0.000000
-0.822000	-0.070402	+0.036444	+0.000000
-0.821000	-0.070366	+0.036444	+0.000000
-0.820000	-0.070329	+0.036444	+0.000000
-0.819000	-0.070293	+0.036444	+0.000000
-0.818000	-0.070256	+0.036444	+0.000000
-0.817000	-0.070220	+0.036444	+0.000000
-0.816000	-0.070184	+0.036444	+0.000000
-0.815000	-0.070147	+0.036444	+0.000000
-0.814000	-0.070111	+0.036444	+0.000000
-0.813000	-0.070074	+0.036444	+0.000000
-0.812000	-0.070038	+0.036444	+0.000000
-0.811000	-0.070001	+0.036444	+0.000000
-0.810000	-0.069965	+0.036444	+0.000000
-0.809000	-0.069928	+0.036444	+0.000000
-0.808000	-0.069892	+0.036444	+0.000000
-0.807000	-0.069856	+0.036444	+0.000000
-0.806000	-0.069819	+0.036444	+0.000000
-0.805000	-0.069783	+0.036444	+0.000000
-0.804000	-0.069746	+0.036444	+0.000000
-0.803000	-0.069710	+0.036444	+0.000000
-0.802000	-0.069673	+0.036444	+0.000000
-0.801000	-0.069637	+0.036444	+0.000000
-0.800000	-0.069600	+0.036444	+0.000000
-0.799000	-0.069557	+0.043804	+0.000000
-0.798000	-0.069513	+0.043804	+0.000000
-0.797000	-0.069469	+0.043804	+0.000000
-0.796000	-0.069425	+0.043804	+0.000000
-0.795000	-0.069381	+0.043804	+0.000000
-0.794000	-0.069338	+0.043804	+0.000000
-0.793000	-0.069294	+0.043804	+0.000000
-0.792000	-0.069250	+0.043804	+0.000000
-0.791000	-0.069206	+0.043804	+0.000000
-0.790000	-0.069162	+0.043804	+0.000000
-0.789000	-0.069119	+0.043804	+0.000000
-0.788000	-0.069075	+0.043804	+0.000000
-0.787000	-0.069031	+0.043804	+0.000000
-0.786000	-0.068987	+0.043804	+0.000000
-0.785000	-0.068943	+0.043804	+0.000000
-0.784000	-0.068900	+0.043804	+0.000000
-0.783000	-0.068856	+0.043804	+0.000000
-0.782000	-0.068812	+0.043804	+0.000000
-0.781000	-0.068768	+0.043804	+0.000000
-0.780000	-0.068724	+0.043804	+0.000000
-0.779000	-0.068681	+0.043804	+0.000000
-0.778000	-0.068637	+0.043804	+0.000000
-0.777000	-0.068593	+0.043804	+0.000000
-0.776000	-0.068549	+0.043804	+0.000000
-0.775000	-0.068505	+0.043804	+0.000000
-0.774000	-0.068460	+0.045493	+0.000000
-0.773000	-0.068414	+0.045493	+0.000000
-0.772000	-0.068369	+0.045493	+0.000000
-0.771000	-0.068323	+0.045493	+0.000000
-0.770000	-0.068278	+0.045493	+0.000000
-0.769000	-0.068232	+0.045493	+0.000000
-0.768000	-0.068187	+0.045493	+0.000000
-0.767000	-0.068141	+0.045493	+0.000000
-0.766000	-0.068096	+0.045493	+0.000000
-0.765000	-0.068050	+0.045493	+0.000000
-0.764000	-0.068005	+0.045493	+0.000000
-0.763000	-0.067959	+0.045493	+0.000000
-0.762000	-0.067914	+0.045493	+0.000000
-0.761000	-0.067868	+0.045493	+0.000000
-0.760000	-0.067823	+0.045493	+0.000000
-0.759000	-0.067777	+0.045493	+0.000000
-0.758000	-0.067732	+0.045493	+0.000000
-0.757000	-0.067686	+0.045493	+0.000000
-0.756000	-0.067641	+0.045493	+0.000000
-0.755000	-0.067595	+0.045493	+0.000000
-0.754000	-0.067550	+0.045493	+0.000000
-0.753000	-0.067504	+0.045493	+0.000000
-0.752000	-0.067459	+0.045493	+0.000000
-0.751000	-0.067414	+0.045493	+0.000000
-0.750000	-0.067368	+0.045493	+0.000000
-0.749000	-0.067317	+0.051261	+0.000000
-0.748000	-0.067265	+0.051261	+0.000000
-0.747000	-0.067214	+0.051261	+0.000000
-0.746000	-0.067163	+0.051261	+0.000000
-0.745000	-0.067112	+0.051261	+0.000000
-0.744000	-0.067060	+0.051261	+0.000000
-0.743000	-0.067009	+0.051261	+0.000000
-0.742000	-0.066958	+0.051261	+0.000000
-0.741000	-0.066907	+0.051261	+0.000000
-0.740000	-0.066855	+0.051261	+0.000000
-0.739000	-0.066804	+0.051261	+0.000000
-0.738000	-0.066753	+0.051261	+0.000000
-0.737000	-0.066702	+0.051261	+0.000000
-0.736000	-0.066650	+0.051261	+0.000000
-0.735000	-0.066599	+0.051261	+0.000000
-0.734000	-0.066548	+0.051261	+0.000000
-0.733000	-0.066497	+0.051261	+0.000000
-0.732000	-0.066445	+0.051261	+0.000000
-0.731000	-0.066394	+0.051261	+0.000000
-0.730000	-0.066343	+0.051261	+0.000000
-0.729000	-0.066292	+0.051261	+0.000000
-0.728000	-0.066240	+0.051261	+0.000000
-0.727000	-0.066189	+0.051261	+0.000000
-0.726000	-0.066138	+0.051261	+0.000000
-0.725000	-0.066086	+0.051261	+0.000000
-0.724000	-0.066031	+0.055826	+0.000000
-0.723000	-0.065975	+0.055826	+0.000000
-0.722000	-0.065919	+0.055826	+0.000000
-0.721000	-0.065863	+0.055826	+0.000000
-0.720000	-0.065807	+0.055826	+0.000000
-0.719000	-0.065752	+0.055826	+0.000000
-0.718000	-0.065696	+0.055826	+0.000000
-0.717000	-0.065640	+0.055826	+0.000000
-0.716000	-0.065584	+0.055826	+0.000000
-0.715000	-0.065528	+0.055826	+0.000000
-0.714000	-0.065472	+0.055826	+0.000000
-0.713000	-0.065417	+0.055826	+0.000000
-0.712000	-0.065361	+0.055826	+0.000000
-0.711000	-0.065305	+0.055826	+0.000000
-0.710000	-0.065249	+0.055826	+0.000000
-0.709000	-0.065193	+0.055826	+0.000000
-0.708000	-0.065137	+0.055826	+0.000000
-0.707000	-0.065082	+0.055826	+0.000000
-0.706000	-0.065026	+0.055826	+0.000000
-0.705000	-0.064970	+0.055826	+0.000000
-0.704000	-0.064914	+0.055826	+0.000000
-0.703000	-0.064858	+0.055826	+0.000000
-0.702000	-0.064802	+0.055826	+0.000000
-0.701000	-0.064747	+0.055826	+0.000000
-0.700000	-0.064691	+0.055826	+0.000000
-0.699000	-0.064632	+0.058757	+0.000000
-0.698000	-0.064573	+0.058757	+0.000000
-0.697000	-0.064515	+0.058757	+0.000000
-0.696000	-0.064456	+0.058757	+0.000000
-0.695000	-0.064397	+0.058757	+0.000000
-0.694000	-0.064338	+0.058757	+0.000000
-0.693000	-0.064280	+0.058757	+0.000000
-0.692000	-0.064221	+0.058757	+0.000000
-0.691000	-0.064162	+0.058757	+0.000000
-0.690000	-0.064103	+0.058757	+0.000000
-0.689000	-0.064045	+0.058757	+0.000000
-0.688000	-0.063986	+0.058757	+0.000000
-0.687000	-0.063927	+0.058757	+0.000000
-0.686000	-0.063868	+0.058757	+0.000000
-0.685000	-0.063809	+0.058757	+0.000000
-0.684000	-0.063751	+0.058757	+0.000000
-0.683000	-0.063692	+0.058757	+0.000000
-0.682000	-0.063633	+0.058757	+0.000000
-0.681000	-0.063574	+0.058757	+0.000000
-0.680000	-0.063516	+0.058757	+0.000000
-0.679000	-0.063457	+0.058757	+0.000000
-0.678000	-0.063398	+0.058757	+0.000000
-0.677000	-0.063339	+0.058757	+0.000000
-0.676000	-0.063281	+0.058757	+0.000000
-0.675000	-0.063222	+0.058757	+0.000000
-0.674000	-0.063157	+0.064655	+0.000000
-0.673000	-0.063093	+0.064655	+0.000000
-0.672000	-0.063028	+0.064655	+0.000000
-0.671000	-0.062963	+0.064655	+0.000000
-0.670000	-0.062899	+0.064655	+0.000000
-0.669000	-0.062834	+0.064655	+0.000000
-0.668000	-0.062769	+0.064655	+0.000000
-0.667000	-0.062705	+0.064655	+0.000000
-0.666000	-0.062640	+0.064655	+0.000000
-0.665000	-0.062575	+0.064655	+0.000000
-0.664000	-0.062511	+0.064655	+0.000000
-0.663000	-0.062446	+0.064655	+0.000000
-0.662000	-0.062381	+0.064655	+0.000000
-0.661000	-0.062317	+0.064655	+0.000000
-0.660000	-0.062252	+0.064655	+0.000000
-0.659000	-0.062187	+0.064655	+0.000000
-0.658000	-0.062123	+0.064655	+0.000000
-0.657000	-0.062058	+0.064655	+0.000000
-0.656000	-0.061993	+0.064655	+0.000000
-0.655000	-0.061929	+0.064655	+0.000000
-0.654000	-0.061864	+0.064655	+0.000000
-0.653000	-0.061800	+0.064655	+0.000000
-0.652000	-0.061735	+0.064655	+0.000000
-0.651000	-0.061670	+0.064655	+0.000000
-0.650000	-0.061606	+0.064655	+0.000000
-0.649000	-0.061541	+0.064327	+0.000000
-0.648000	-0.061477	+0.064327	+0.000000
-0.647000	-0.061413	+0.064327	+0.000000
-0.646000	-0.061348	+0.064327	+0.000000
-0.645000	-0.061284	+0.064327	+0.000000
-0.644000	-0.061220	+0.064327	+0.000000
-0.643000	-0.061155	+0.064327	+0.000000
-0.642000	-0.061091	+0.064327	+0.000000
-0.641000	-0.061027	+0.064327	+0.000000
-0.640000	-0.060962	+0.064327	+0.000000
-0.639000	-0.060898	+0.064327	+0.000000
-0.638000	-0.060834	+0.064327	+0.000000
-0.637000	-0.060769	+0.064327	+0.000000
-0.636000	-0.060705	+0.064327	+0.000000
-0.635000	-0.060641	+0.064327	+0.000000
-0.634000	-0.060576	+0.064327	+0.000000
-0.633000	-0.060512	+0.064327	+0.000000
-0.632000	-0.060448	+0.064327	+0.000000
-0.631000	-0.060383	+0.064327	+0.000000
-0.630000	-0.060319	+0.064327	+0.000000
-0.629000	-0.060255	+0.064327	+0.000000
-0.628000	-0.060190	+0.064327	+0.000000
-0.627000	-0.060126	+0.064327	+0.000000
-0.626000	-0.060062	+0.064327	+0.000000
-0.625000	-0.059997	+0.064327	+0.000000
-0.624000	-0.059927	+0.069910	+0.000000
-0.623000	-0.059858	+0.069910	+0.000000
-0.622000	-0.059788	+0.069910	+0.000000
-0.621000	-0.059718	+0.069910	+0.000000
-0.620000	-0.059648	+0.069910	+0.000000
-0.619000	-0.059578	+0.069910	+0.000000
-0.618000	-0.059508	+0.069910	+0.000000
-0.617000	-0.059438	+0.069910	+0.000000
-0.616000	-0.059368	+0.069910	+0.000000
-0.615000	-0.059298	+0.069910	+0.000000
-0.614000	-0.059228	+0.069910	+0.000000
-0.613000	-0.059158	+0.069910	+0.000000
-0.612000	-0.059089	+0.069910	+0.000000
-0.611000	-0.059019	+0.069910	+0.000000
-0.610000	-0.058949	+0.069910	+0.000000
-0.609000	-0.058879	+0.069910	+0.000000
-0.608000	-0.058809	+0.069910	+0.000000
-0.607000	-0.058739	+0.069910	+0.000000
-0.606000	-0.058669	+0.069910	+0.000000
-0.605000	-0.058599	+0.069910	+0.000000
-0.604000	-0.058529	+0.069910	+0.000000
-0.603000	-0.058459	+0.069910	+0.000000
-0.602000	-0.058389	+0.069910	+0.000000
-0.601000	-0.058320	+0.069910	+0.000000
-0.600000	-0.058250	+0.069910	+0.000000
-0.599000	-0.058178	+0.071914	+0.000000
-0.598000	-0.058106	+0.071914	+0.000000
-0.597000	-0.058034	+0.071914	+0.000000
-0.596000	-0.057962	+0.071914	+0.000000
-0.595000	-0.057890	+0.071914	+0.000000
-0.594000	-0.057818	+0.071914	+0.000000
-0.593000	-0.057746	+0.071914	+0.000000
-0.592000	-0.057674	+0.071914	+0.000000
-0.591000	-0.057602	+0.071914	+0.000000
-0.590000	-0.057530	+0.071914	+0.000000
-0.589000	-0.057459	+0.071914	+0.000000
-0.588000	-0.057387	+0.071914	+0.000000
-0.587000	-0.057315	+0.071914	+0.000000
-0.586000	-0.057243	+0.071914	+0.000000
-0.585000	-0.057171	+0.071914	+0.000000
-0.584000	-0.057099	+0.071914	+0.000000
-0.583000	-0.057027	+0.071914	+0.000000
-0.582000	-0.056955	+0.071914	+0.000000
-0.581000	-0.056883	+0.071914	+0.000000
-0.580000	-0.056811	+0.071914	+0.000000
-0.579000	-0.056739	+0.071914	+0.000000
-0.578000	-0.056668	+0.071914	+0.000000
-0.577000	-0.056596	+0.071914	+0.000000
-0.576000	-0.056524	+0.071914	+0.000000
-0.575000	-0.056452	+0.071914	+0.000000
-0.574000	-0.056376	+0.075840	+0.000000
-0.573000	-0.056300	+0.075840	+0.000000
-0.572000	-0.056224	+0.075840	+0.000000
-0.571000	-0.056148	+0.075840	+0.000000
-0.570000	-0.056073	+0.075840	+0.000000
-0.569000	-0.055997	+0.075840	+0.000000
-0.568000	-0.055921	+0.075840	+0.000000
-0.567000	-0.055845	+0.075840	+0.000000
-0.566000	-0.055769	+0.075840	+0.000000
-0.565000	-0.055693	+0.075840	+0.000000
-0.564000	-0.055618	+0.075840	+0.000000
-0.563000	-0.055542	+0.075840	+0.000000
-0.562000	-0.055466	+0.075840	+0.000000
-0.561000	-0.055390	+0.075840	+0.000000
-0.560000	-0.055314	+0.075840	+0.000000
-0.559000	-0.055238	+0.075840	+0.000000
-0.558000	-0.055163	+0.075840	+0.000000
-0.557000	-0.055087	+0.075840	+0.000000
-0.556000	-0.055011	+0.075840	+0.000000
-0.555000	-0.054935	+0.075840	+0.000000
-0.554000	-0.054859	+0.075840	+0.000000
-0.553000	-0.054783	+0.075840	+0.000000
-0.552000	-0.054707	+0.075840	+0.000000
-0.551000	-0.054632	+0.075840	+0.000000
-0.550000	-0.054556	+0.075840	+0.000000
-0.549000	-0.054476	+0.079738	+0.000000
-0.548000	-0.054396	+0.079738	+0.000000
-0.547000	-0.054317	+0.079738	+0.000000
-0.546000	-0.054237	+0.079738	+0.000000
-0.545000	-0.054157	+0.079738	+0.000000
-0.544000	-0.054077	+0.079738	+0.000000
-0.543000	-0.053998	+0.079738	+0.000000
-0.542000	-0.053918	+0.079738	+0.000000
-0.541000	-0.053838	+0.079738	+0.000000
-0.540000	-0.053758	+0.079738	+0.000000
-0.539000	-0.053679	+0.079738	+0.000000
-0.538000	-0.053599	+0.079738	+0.000000
-0.537000	-0.053519	+0.079738	+0.000000
-0.536000	-0.053439	+0.079738	+0.000000
-0.535000	-0.053360	+0.079738	+0.000000
-0.534000	-0.053280	+0.079738	+0.000000
-0.533000	-0.053200	+0.079738	+0.000000
-0.532000	-0.053120	+0.079738	+0.000000
-0.531000	-0.053041	+0.079738	+0.000000
-0.530000	-0.052961	+0.079738	+0.000000
-0.529000	-0.052881	+0.079738	+0.000000
-0.528000	-0.052802	+0.079738	+0.000000
-0.527000	-0.052722	+0.079738	+0.000000
-0.526000	-0.052642	+0.079738	+0.000000
-0.525000	-0.052562	+0.079738	+0.000000
-0.524000	-0.052481	+0.081266	+0.000000
-0.523000	-0.052400	+0.081266	+0.000000
-0.522000	-0.052319	+0.081266	+0.000000
-0.521000	-0.052237	+0.081266	+0.000000
-0.520000	-0.052156	+0.081266	+0.000000
-0.519000	-0.052075	+0.081266	+0.000000
-0.518000	-0.051993	+0.081266	+0.000000
-0.517000	-0.051912	+0.081266	+0.000000
-0.516000	-0.051831	+0.081266	+0.000000
-0.515000	-0.051750	+0.081266	+0.000000
-0.514000	-0.051668	+0.081266	+0.000000
-0.513000	-0.051587	+0.081266	+0.000000
-0.512000	-0.051506	+0.081266	+0.000000
-0.511000	-0.051425	+0.081266	+0.000000
-0.510000	-0.051343	+0.081266	+0.000000
-0.509000	-0.051262	+0.081266	+0.000000
-0.508000	-0.051181	+0.081266	+0.000000
-0.507000	-0.051100	+0.081266	+0.000000
-0.506000	-0.051018	+0.081266	+0.000000
-0.505000	-0.050937	+0.081266	+0.000000
-0.504000	-0.050856	+0.081266	+0.000000
-0.503000	-0.050774	+0.081266	+0.000000
-0.502000	-0.050693	+0.081266	+0.000000
-0.501000	-0.050612	+0.081266	+0.000000
-0.500000	-0.050531	+0.081266	+0.000000
-0.499000	-0.050445	+0.085745	+0.000000
-0.498000	-0.050359	+0.085745	+0.000000
-0.497000	-0.050273	+0.085745	+0.000000
-0.496000	-0.050188	+0.085745	+0.000000
-0.495000	-0.050102	+0.085745	+0.000000
-0.494000	-0.050016	+0.085745	+0.000000
-0.493000	-0.049930	+0.085745	+0.000000
-0.492000	-0.049845	+0.085745	+0.000000
-0.491000	-0.049759	+0.085745	+0.000000
-0.490000	-0.049673	+0.085745	+0.000000
-0.489000	-0.049587	+0.085745	+0.000000
-0.488000	-0.049502	+0.085745	+0.000000
-0.487000	-0.049416	+0.085745	+0.000000
-0.486000	-0.049330	+0.085745	+0.000000
-0.485000	-0.049244	+0.085745	+0.000000
-0.484000	-0.049159	+0.085745	+0.000000
-0.483000	-0.049073	+0.085745	+0.000000
-0.482000	-0.048987	+0.085745	+0.000000
-0.481000	-0.048902	+0.085745	+0.000000
-0.480000	-0.048816	+0.085745	+0.000000
-0.479000	-0.048730	+0.085745	+0.000000
-0.478000	-0.048644	+0.085745	+0.000000
-0.477000	-0.048559	+0.085745	+0.000000
-0.476000	-0.048473	+0.085745	+0.000000
-0.475000	-0.048387	+0.085745	+0.000000
-0.474000	-0.048301	+0.085679	+0.000000
-0.473000	-0.048216	+0.085679	+0.000000
-0.472000	-0.048130	+0.085679	+0.000000
-0.471000	-0.048044	+0.085679	+0.000000
-0.470000	-0.047959	+0.085679	+0.000000
-0.469000	-0.047873	+0.085679	+0.000000
-0.468000	-0.047787	+0.085679	+0.000000
-0.467000	-0.047702	+0.085679	+0.000000
-0.466000	-0.047616	+0.085679	+0.000000
-0.465000	-0.047530	+0.085679	+0.000000
-0.464000	-0.047445	+0.085679	+0.000000
-0.463000	-0.047359	+0.085679	+0.000000
-0.462000	-0.047273	+0.085679	+0.000000
-0.461000	-0.047188	+0.085679	+0.000000
-0.460000	-0.047102	+0.085679	+0.000000
-0.459000	-0.047016	+0.085679	+0.000000
-0.458000	-0.046931	+0.085679	+0.000000
-0.457000	-0.046845	+0.085679	+0.000000
-0.456000	-0.046759	+0.085679	+0.000000
-0.455000	-0.046673	+0.085679	+0.000000
-0.454000	-0.046588	+0.085679	+0.000000
-0.453000	-0.046502	+0.085679	+0.000000
-0.452000	-0.046416	+0.085679	+0.000000
-0.451000	-0.046331	+0.085679	+0.000000
-0.450000	-0.046245	+0.085679	+0.000000
-0.449000	-0.046156	+0.089509	+0.000000
-0.448000	-0.046066	+0.089509	+0.000000
-0.447000	-0.045977	+0.089509	+0.000000
-0.446000	-0.045887	+0.089509	+0.000000
-0.445000	-0.045798	+0.089509	+0.000000
-0.444000	-0.045708	+0.089509	+0.000000
-0.443000	-0.045619	+0.089509	+0.000000
-0.442000	-0.045529	+0.089509	+0.000000
-0.441000	-0.045439	+0.089509	+0.000000
-0.440000	-0.045350	+0.089509	+0.000000
-0.439000	-0.045260	+0.089509	+0.000000
-0.438000	-0.045171	+0.089509	+0.000000
-0.437000	-0.045081	+0.089509	+0.000000
-0.436000	-0.044992	+0.089509	+0.000000
-0.435000	-0.044902	+0.089509	+0.000000
-0.434000	-0.044813	+0.089509	+0.000000
-0.433000	-0.044723	+0.089509	+0.000000
-0.432000	-0.044634	+0.089509	+0.000000
-0.431000	-0.044544	+0.089509	+0.000000
-0.430000	-0.044455	+0.089509	+0.000000
-0.429000	-0.044365	+0.089509	+0.000000
-0.428000	-0.044276	+0.089509	+0.000000
-0.427000	-0.044186	+0.089509	+0.000000
-0.426000	-0.044097	+0.089509	+0.000000
-0.425000	-0.044007	+0.089509	+0.000000
-0.424000	-0.043916	+0.091399	+0.000000
-0.423000	-0.043825	+0.091399	+0.000000
-0.422000	-0.043733	+0.091399	+0.000000
-0.421000	-0.043642	+0.091399	+0.000000
-0.420000	-0.043550	+0.091399	+0.000000
-0.419000	-0.043459	+0.091399	+0.000000
-0.418000	-0.043368	+0.091399	+0.000000
-0.417000	-0.043276	+0.091399	+0.000000
-0.416000	-0.043185	+0.091399	+0.000000
-0.415000	-0.043093	+0.091399	+0.000000
-0.414000	-0.043002	+0.091399	+0.000000
-0.413000	-0.042911	+0.091399	+0.000000
-0.412000	-0.042819	+0.091399	+0.000000
-0.411000	-0.042728	+0.091399	+0.000000
-0.410000	-0.042636	+0.091399	+0.000000
-0.409000	-0.042545	+0.091399	+0.000000
-0.408000	-0.042454	+0.091399	+0.000000
-0.407000	-0.042362	+0.091399	+0.000000
-0.406000	-0.042271	+0.091399	+0.000000
-0.405000	-0.042179	+0.091399	+0.000000
-0.404000	-0.042088	+0.091399	+0.000000
-0.403000	-0.041997	+0.091399	+0.000000
-0.402000	-0.041905	+0.091399	+0.000000
-0.401000	-0.041814	+0.091399	+0.000000
-0.400000	-0.041722	+0.091399	+0.000000
-0.399000	-0.041629	+0.093739	+0.000000
-0.398000	-0.041535	+0.093739	+0.000000
-0.397000	-0.041441	+0.093739	+0.000000
-0.396000	-0.041347	+0.093739	+0.000000
-0.395000	-0.041254	+0.093739	+0.000000
-0.394000	-0.041160	+0.093739	+0.000000
-0.393000	-0.041066	+0.093739	+0.000000
-0.392000	-0.040972	+0.093739	+0.000000
-0.391000	-0.040879	+0.093739	+0.000000
-0.390000	-0.040785	+0.093739	+0.000000
-0.389000	-0.040691	+0.093739	+0.000000
-0.388000	-0.040597	+0.093739	+0.000000
-0.387000	-0.040504	+0.093739	+0.000000
-0.386000	-0.040410	+0.093739	+0.000000
-0.385000	-0.040316	+0.093739	+0.000000
-0.384000	-0.040223	+0.093739	+0.000000
-0.383000	-0.040129	+0.093739	+0.000000
-0.382000	-0.040035	+0.093739	+0.000000
-0.381000	-0.039941	+0.093739	+0.000000
-0.380000	-0.039848	+0.093739	+0.000000
-0.379000	-0.039754	+0.093739	+0.000000
-0.378000	-0.039660	+0.093739	+0.000000
-0.377000	-0.039566	+0.093739	+0.000000
-0.376000	-0.039473	+0.093739	+0.000000
-0.375000	-0.039379	+0.093739	+0.000000
-0.374000	-0.039282	+0.096649	+0.000000
-0.373000	-0.039186	+0.096649	+0.000000
-0.372000	-0.039089	+0.096649	+0.000000
-0.371000	-0.038992	+0.096649	+0.000000
-0.370000	-0.038896	+0.096649	+0.000000
-0.369000	-0.038799	+0.096649	+0.000000
-0.368000	-0.038702	+0.096649	+0.000000
-0.367000	-0.038606	+0.096649	+0.000000
-0.366000	-0.038509	+0.096649	+0.000000
-0.365000	-0.038412	+0.096649	+0.000000
-0.364000	-0.038316	+0.096649	+0.000000
-0.363000	-0.038219	+0.096649	+0.000000
-0.362000	-0.038122	+0.096649	+0.000000
-0.361000	-0.038026	+0.096649	+0.000000
-0.360000	-0.037929	+0.096649	+0.000000
-0.359000	-0.037833	+0.096649	+0.000000
-0.358000	-0.037736	+0.096649	+0.000000
-0.357000	-0.037639	+0.096649	+0.000000
-0.356000	-0.037543	+0.096649	+0.000000
-0.355000	-0.037446	+0.096649	+0.000000
-0.354000	-0.037349	+0.096649	+0.000000
-0.353000	-0.037253	+0.096649	+0.000000
-0.352000	-0.037156	+0.096649	+0.000000
-0.351000	-0.037059	+0.096649	+0.000000
-0.350000	-0.036963	+0.096649	+0.000000
-0.349000	-0.036865	+0.097204	+0.000000
-0.348000	-0.036768	+0.097204	+0.000000
-0.347000	-0.036671	+0.097204	+0.000000
-0.346000	-0.036574	+0.097204	+0.000000
-0.345000	-0.036477	+0.097204	+0.000000
-0.344000	-0.036379	+0.097204	+0.000000
-0.343000	-0.036282	+0.097204	+0.000000
-0.342000	-0.036185	+0.097204	+0.000000
-0.341000	-0.036088	+0.097204	+0.000000
-0.340000	-0.035991	+0.097204	+0.000000
-0.339000	-0.035893	+0.097204	+0.000000
-0.338000	-0.035796	+0.097204	+0.000000
-0.337000	-0.035699	+0.097204	+0.000000
-0.336000	-0.035602	+0.097204	+0.000000
-0.335000	-0.035505	+0.097204	+0.000000
-0.334000	-0.035407	+0.097204	+0.000000
-0.333000	-0.035310	+0.097204	+0.000000
-0.332000	-0.035213	+0.097204	+0.000000
-0.331000	-0.035116	+0.097204	+0.000000
-0.330000	-0.035019	+0.097204	+0.000000
-0.329000	-0.034921	+0.097204	+0.000000
-0.328000	-0.034824	+0.097204	+0.000000
-0.327000	-0.034727	+0.097204	+0.000000
-0.326000	-0.034630	+0.097204	+0.000000
-0.325000	-0.034533	+0.097204	+0.000000
-0.324000	-0.034432	+0.100137	+0.000000
-0.323000	-0.034332	+0.100137	+0.000000
-0.322000	-0.034232	+0.100137	+0.000000
-0.321000	-0.034132	+0.100137	+0.000000
-0.320000	-0.034032	+0.100137	+0.000000
-0.319000	-0.033932	+0.100137	+0.000000
-0.318000	-0.033832	+0.100137	+0.000000
-0.317000	-0.033731	+0.100137	+0.000000
-0.316000	-0.033631	+0.100137	+0.000000
-0.315000	-0.033531	+0.100137	+0.000000
-0.314000	-0.033431	+0.100137	+0.000000
-0.313000	-0.033331	+0.100137	+0.000000
-0.312000	-0.033231	+0.100137	+0.000000
-0.311000	-0.033131	+0.100137	+0.000000
-0.310000	-0.033030	+0.100137	+0.000000
-0.309000	-0.032930	+0.100137	+0.000000
-0.308000	-0.032830	+0.100137	+0.000000
-0.307000	-0.032730	+0.100137	+0.000000
-0.306000	-0.032630	+0.100137	+0.000000
-0.305000	-0.032530	+0.100137	+0.000000
-0.304000	-0.032430	+0.100137	+0.000000
-0.303000	-0.032330	+0.100137	+0.000000
-0.302000	-0.032229	+0.100137	+0.000000
-0.301000	-0.032129	+0.100137	+0.000000
-0.300000	-0.032029	+0.100137	+0.000000
-0.299000	-0.031929	+0.100478	+0.000000
-0.298000	-0.031828	+0.100478	+0.000000
-0.297000	-0.031728	+0.100478	+0.000000
-0.296000	-0.031627	+0.100478	+0.000000
-0.295000	-0.031527	+0.100478	+0.000000
-0.294000	-0.031426	+0.100478	+0.000000
-0.293000	-0.031326	+0.100478	+0.000000
-0.292000	-0.031225	+0.100478	+0.000000
-0.291000	-0.031125	+0.100478	+0.000000
-0.290000	-0.031024	+0.100478	+0.000000
-0.289000	-0.030924	+0.100478	+0.000000
-0.288000	-0.030823	+0.100478	+0.000000
-0.287000	-0.030723	+0.100478	+0.000000
-0.286000	-0.030622	+0.100478	+0.000000
-0.285000	-0.030522	+0.100478	+0.000000
-0.284000	-0.030421	+0.100478	+0.000000
-0.283000	-0.030321	+0.100478	+0.000000
-0.282000	-0.030221	+0.100478	+0.000000
-0.281000	-0.030120	+0.100478	+0.000000
-0.280000	-0.030020	+0.100478	+0.000000
-0.279000	-0.029919	+0.100478	+0.000000
-0.278000	-0.029819	+0.100478	+0.000000
-0.277000	-0.029718	+0.100478	+0.000000
-0.276000	-0.029618	+0.100478	+0.000000
-0.275000	-0.029517	+0.100478	+0.000000
-0.274000	-0.029415	+0.102664	+0.000000
-0.273000	-0.029312	+0.102664	+0.000000
-0.272000	-0.029209	+0.102664	+0.000000
-0.271000	-0.029107	+0.102664	+0.000000
-0.270000	-0.029004	+0.102664	+0.000000
-0.269000	-0.028901	+0.102664	+0.000000
-0.268000	-0.028799	+0.102664	+0.000000
-0.267000	-0.028696	+0.102664	+0.000000
-0.266000	-0.028593	+0.102664	+0.000000
-0.265000	-0.028491	+0.102664	+0.000000
-0.264000	-0.028388	+0.102664	+0.000000
-0.263000	-0.028285	+0.102664	+0.000000
-0.262000	-0.028183	+0.102664	+0.000000
-0.261000	-0.028080	+0.102664	+0.000000
-0.260000	-0.027977	+0.102664	+0.000000
-0.259000	-0.027875	+0.102664	+0.000000
-0.258000	-0.027772	+0.102664	+0.000000
-0.257000	-0.027669	+0.102664	+0.000000
-0.256000	-0.027567	+0.102664	+0.000000
-0.255000	-0.027464	+0.102664	+0.000000
-0.254000	-0.027361	+0.102664	+0.000000
-0.253000	-0.027259	+0.102664	+0.000000
-0.252000	-0.027156	+0.102664	+0.000000
-0.251000	-0.027053	+0.102664	+0.000000
-0.250000	-0.026951	+0.102664	+0.000000
-0.249000	-0.026847	+0.104033	+0.000000
-0.248000	-0.026743	+0.104033	+0.000000
-0.247000	-0.026638	+0.104033	+0.000000
-0.246000	-0.026534	+0.104033	+0.000000
-0.245000	-0.026430	+0.104033	+0.000000
-0.244000	-0.026326	+0.104033	+0.000000
-0.243000	-0.026222	+0.104033	+0.000000
-0.242000	-0.026118	+0.104033	+0.000000
-0.241000	-0.026014	+0.104033	+0.000000
-0.240000	-0.025910	+0.104033	+0.000000
-0.239000	-0.025806	+0.104033	+0.000000
-0.238000	-0.025702	+0.104033	+0.000000
-0.237000	-0.025598	+0.104033	+0.000000
-0.236000	-0.025494	+0.104033	+0.000000
-0.235000	-0.025390	+0.104033	+0.000000
-0.234000	-0.025286	+0.104033	+0.000000
-0.233000	-0.025182	+0.104033	+0.000000
-0.232000	-0.025078	+0.104033	+0.000000
-0.231000	-0.024974	+0.104033	+0.000000
-0.230000	-0.024870	+0.104033	+0.000000
-0.229000	-0.024766	+0.104033	+0.000000
-0.228000	-0.024662	+0.104033	+0.000000
-0.227000	-0.024558	+0.104033	+0.000000
-0.226000	-0.024454	+0.104033	+0.000000
-0.225000	-0.024350	+0.104033	+0.000000
-0.224000	-0.024245	+0.105107	+0.000000
-0.223000	-0.024140	+0.105107	+0.000000
-0.222000	-0.024034	+0.105107	+0.000000
-0.221000	-0.023929	+0.105107	+0.000000
-0.220000	-0.023824	+0.105107	+0.000000
-0.219000	-0.023719	+0.105107	+0.000000
-0.218000	-0.023614	+0.105107	+0.000000
-0.217000	-0.023509	+0.105107	+0.000000
-0.216000	-0.023404	+0.105107	+0.000000
-0.215000	-0.023299	+0.105107	+0.000000
-0.214000	-0.023194	+0.105107	+0.000000
-0.213000	-0.023088	+0.105107	+0.000000
-0.212000	-0.022983	+0.105107	+0.000000
-0.211000	-0.022878	+0.105107	+0.000000
-0.210000	-0.022773	+0.105107	+0.000000
-0.209000	-0.022668	+0.105107	+0.000000
-0.208000	-0.022563	+0.105107	+0.000000
-0.207000	-0.022458	+0.105107	+0.000000
-0.206000	-0.022353	+0.105107	+0.000000
-0.205000	-0.022248	+0.105107	+0.000000
-0.204000	-0.022143	+0.105107	+0.000000
-0.203000	-0.022037	+0.105107	+0.000000
-0.202000	-0.021932	+0.105107	+0.000000
-0.201000	-0.021827	+0.105107	+0.000000
-0.200000	-0.021722	+0.105107	+0.000000
-0.199000	-0.021615	+0.106766	+0.000000
-0.198000	-0.021509	+0.106766	+0.000000
-0.197000	-0.021402	+0.106766	+0.000000
-0.196000	-0.021295	+0.106766	+0.000000
-0.195000	-0.021188	+0.106766	+0.000000
-0.194000	-0.021081	+0.106766	+0.000000
-0.193000	-0.020975	+0.106766	+0.000000
-0.192000	-0.020868	+0.106766	+0.000000
-0.191000	-0.020761	+0.106766	+0.000000
-0.190000	-0.020654	+0.106766	+0.000000
-0.189000	-0.020548	+0.106766	+0.000000
-0.188000	-0.020441	+0.106766	+0.000000
-0.187000	-0.020334	+0.106766	+0.000000
-0.186000	-0.020227	+0.106766	+0.000000
-0.185000	-0.020121	+0.106766	+0.000000
-0.184000	-0.020014	+0.106766	+0.000000
-0.183000	-0.019907	+0.106766	+0.000000
-0.182000	-0.019800	+0.106766	+0.000000
-0.181000	-0.019694	+0.106766	+0.000000
-0.180000	-0.019587	+0.106766	+0.000000
-0.179000	-0.019480	+0.106766	+0.000000
-0.178000	-0.019373	+0.106766	+0.000000
-0.177000	-0.019266	+0.106766	+0.000000
-0.176000	-0.019160	+0.106766	+0.000000
-0.175000	-0.019053	+0.106766	+0.000000
-0.174000	-0.018946	+0.106808	+0.000000
-0.173000	-0.018839	+0.106808	+0.000000
-0.172000	-0.018733	+0.106808	+0.000000
-0.171000	-0.018626	+0.106808	+0.000000
-0.170000	-0.018519	+0.106808	+0.000000
-0.169000	-0.018412	+0.106808	+0.000000
-0.168000	-0.018305	+0.106808	+0.000000
-0.167000	-0.018198	+0.106808	+0.000000
-0.166000	-0.018092	+0.106808	+0.000000
-0.165000	-0.017985	+0.106808	+0.000000
-0.164000	-0.017878	+0.106808	+0.000000
-0.163000	-0.017771	+0.106808	+0.000000
-0.162000	-0.017664	+0.106808	+0.000000
-0.161000	-0.017558	+0.106808	+0.000000
-0.160000	-0.017451	+0.106808	+0.000000
-0.159000	-0.017344	+0.106808	+0.000000
-0.158000	-0.017237	+0.106808	+0.000000
-0.157000	-0.017130	+0.106808	+0.000000
-0.156000	-0.017024	+0.106808	+0.000000
-0.155000	-0.016917	+0.106808	+0.000000
-0.154000	-0.016810	+0.106808	+0.000000
-0.153000	-0.016703	+0.106808	+0.000000
-0.152000	-0.016596	+0.106808	+0.000000
-0.151000	-0.016490	+0.106808	+0.000000
-0.150000	-0.016383	+0.106808	+0.000000
-0.149000	-0.016275	+0.108149	+0.000000
-0.148000	-0.016166	+0.108149	+0.000000
-0.147000	-0.016058	+0.108149	+0.000000
-0.146000	-0.015950	+0.108149	+0.000000
-0.145000	-0.015842	+0.108149	+0.000000
-0.144000	-0.015734	+0.108149	+0.000000
-0.143000	-0.015626	+0.108149	+0.000000
-0.142000	-0.015518	+0.108149	+0.000000
-0.141000	-0.015409	+0.108149	+0.000000
-0.140000	-0.015301	+0.108149	+0.000000
-0.139000	-0.015193	+0.108149	+0.000000
-0.138000	-0.015085	+0.108149	+0.000000
-0.137000	-0.014977	+0.108149	+0.000000
-0.136000	-0.014869	+0.108149	+0.000000
-0.135000	-0.014760	+0.108149	+0.000000
-0.134000	-0.014652	+0.108149	+0.000000
-0.133000	-0.014544	+0.108149	+0.000000
-0.132000	-0.014436	+0.108149	+0.000000
-0.131000	-0.014328	+0.108149	+0.000000
-0.130000	-0.014220	+0.108149	+0.000000
-0.129000	-0.014112	+0.108149	+0.000000
-0.128000	-0.014003	+0.108149	+0.000000
-0.127000	-0.013895	+0.108149	+0.000000
-0.126000	-0.013787	+0.108149	+0.000000
-0.125000	-0.013679	+0.108149	+0.000000
-0.124000	-0.013571	+0.108448	+0.000000
-0.123000	-0.013462	+0.108448	+0.000000
-0.122000	-0.013354	+0.108448	+0.000000
-0.121000	-0.013245	+0.108448	+0.000000
-0.120000	-0.013137	+0.108448	+0.000000
-0.119000	-0.013028	+0.108448	+0.000000
-0.118000	-0.012920	+0.108448	+0.000000
-0.117000	-0.012811	+0.108448	+0.000000
-0.116000	-0.012703	+0.108448	+0.000000
-0.115000	-0.012595	+0.108448	+0.000000
-0.114000	-0.012486	+0.108448	+0.000000
-0.113000	-0.012378	+0.108448	+0.000000
-0.112000	-0.012269	+0.108448	+0.000000
-0.111000	-0.012161	+0.108448	+0.000000
-0.110000	-0.012052	+0.108448	+0.000000
-0.109000	-0.011944	+0.108448	+0.000000
-0.108000	-0.011835	+0.108448	+0.000000
-0.107000	-0.011727	+0.108448	+0.000000
-0.106000	-0.011618	+0.108448	+0.000000
-0.105000	-0.011510	+0.108448	+0.000000
-0.104000	-0.011402	+0.108448	+0.000000
-0.103000	-0.011293	+0.108448	+0.000000
-0.102000	-0.011185	+0.108448	+0.000000
-0.101000	-0.011076	+0.108448	+0.000000
-0.100000	-0.010968	+0.108448	+0.000000
-0.099000	-0.010859	+0.109172	+0.000000
-0.098000	-0.010749	+0.109172	+0.000000
-0.097000	-0.010640	+0.109172	+0.000000
-0.096000	-0.010531	+0.109172	+0.000000
-0.095000	-0.010422	+0.109172	+0.000000
-0.094000	-0.010313	+0.109172	+0.000000
-0.093000	-0.010204	+0.109172	+0.000000
-0.092000	-0.010094	+0.109172	+0.000000
-0.091000	-0.009985	+0.109172	+0.000000
-0.090000	-0.009876	+0.109172	+0.000000
-0.089000	-0.009767	+0.109172	+0.000000
-0.088000	-0.009658	+0.109172	+0.000000
-0.087000	-0.009549	+0.109172	+0.000000
-0.086000	-0.009439	+0.109172	+0.000000
-0.085000	-0.009330	+0.109172	+0.000000
-0.084000	-0.009221	+0.109172	+0.000000
-0.083000	-0.009112	+0.109172	+0.000000
-0.082000	-0.009003	+0.109172	+0.000000
-0.081000	-0.008894	+0.109172	+0.000000
-0.080000	-0.008784	+0.109172	+0.000000
-0.079000	-0.008675	+0.109172	+0.000000
-0.078000	-0.008566	+0.109172	+0.000000
-0.077000	-0.008457	+0.109172	+0.000000
-0.076000	-0.008348	+0.109172	+0.000000
-0.075000	-0.008238	+0.109172	+0.000000
-0.074000	-0.008129	+0.109654	+0.000000
-0.073000	-0.008019	+0.109654	+0.000000
-0.072000	-0.007910	+0.109654	+0.000000
-0.071000	-0.007800	+0.109654	+0.000000
-0.070000	-0.007690	+0.109654	+0.000000
-0.069000	-0.007581	+0.109654	+0.000000
-0.068000	-0.007471	+0.109654	+0.000000
-0.067000	-0.007361	+0.109654	+0.000000
-0.066000	-0.007252	+0.109654	+0.000000
-0.065000	-0.007142	+0.109654	+0.000000
-0.064000	-0.007032	+0.109654	+0.000000
-0.063000	-0.006923	+0.109654	+0.000000
-0.062000	-0.006813	+0.109654	+0.000000
-0.061000	-0.006703	+0.109654	+0.000000
-0.060000	-0.006594	+0.109654	+0.000000
-0.059000	-0.006484	+0.109654	+0.000000
-0.058000	-0.006374	+0.109654	+0.000000
-0.057000	-0.006265	+0.109654	+0.000000
-0.056000	-0.006155	+0.109654	+0.000000
-0.055000	-0.006045	+0.109654	+0.000000
-0.054000	-0.005936	+0.109654	+0.000000
-0.053000	-0.005826	+0.109654	+0.000000
-0.052000	-0.005716	+0.109654	+0.000000
-0.051000	-0.005607	+0.109654	+0.000000
-0.050000	-0.005497	+0.109654	+0.000000
-0.049000	-0.005387	+0.109834	+0.000000
-0.048000	-0.005277	+0.109834	+0.000000
-0.047000	-0.005168	+0.109834	+0.000000
-0.046000	-0.005058	+0.109834	+0.000000
-0.045000	-0.004948	+0.109834	+0.000000
-0.044000	-0.004838	+0.109834	+0.000000
-0.043000	-0.004728	+0.109834	+0.000000
-0.042000	-0.004618	+0.109834	+0.000000
-0.041000	-0.004509	+0.109834	+0.000000
-0.040000	-0.004399	+0.109834	+0.000000
-0.039000	-0.004289	+0.109834	+0.000000
-0.038000	-0.004179	+0.109834	+0.000000
-0.037000	-0.004069	+0.109834	+0.000000
-0.036000	-0.003959	+0.109834	+0.000000
-0.035000	-0.003850	+0.109834	+0.000000
-0.034000	-0.003740	+0.109834	+0.000000
-0.033000	-0.003630	+0.109834	+0.000000
-0.032000	-0.003520	+0.109834	+0.000000
-0.031000	-0.003410	+0.109834	+0.000000
-0.030000	-0.003300	+0.109834	+0.000000
-0.029000	-0.003191	+0.109834	+0.000000
-0.028000	-0.003081	+0.109834	+0.000000
-0.027000	-0.002971	+0.109834	+0.000000
-0.026000	-0.002861	+0.109834	+0.000000
-0.025000	-0.002751	+0.109834	+0.000000
-0.024000	-0.002641	+0.110052	+0.000000
-0.023000	-0.002531	+0.110052	+0.000000
-0.022000	-0.002421	+0.110052	+0.000000
-0.021000	-0.002311	+0.110052	+0.000000
-0.020000	-0.002201	+0.110052	+0.000000
-0.019000	-0.002091	+0.110052	+0.000000
-0.018000	-0.001981	+0.110052	+0.000000
-0.017000	-0.001871	+0.110052	+0.000000
-0.016000	-0.001761	+0.110052	+0.000000
-0.015000	-0.001651	+0.110052	+0.000000
-0.014000	-0.001541	+0.110052	+0.000000
-0.013000	-0.001431	+0.110052	+0.000000
-0.012000	-0.001321	+0.110052	+0.000000
-0.011000	-0.001211	+0.110052	+0.000000
-0.010000	-0.001101	+0.110052	+0.000000
-0.009000	-0.000990	+0.110052	+0.000000
-0.008000	-0.000880	+0.110052	+0.000000
-0.007000	-0.000770	+0.110052	+0.000000
-0.006000	-0.000660	+0.110052	+0.000000
-0.005000	-0.000550	+0.110052	+0.000000
-0.004000	-0.000440	+0.110052	+0.000000
-0.003000	-0.000330	+0.110052	+0.000000
-0.002000	-0.000220	+0.110052	+0.000000
-0.001000	-0.000110	+0.110052	+0.000000
+0.000000	+0.000000	+0.110052	+0.000000
+0.001000	+0.000110	+0.110052	+0.000000
+0.002000	+0.000220	+0.110052	+0.000000
+0.003000	+0.000330	+0.110052	+0.000000
+0.004000	+0.000440	+0.110052	+0.000000
+0.005000	+0.000550	+0.110052	+0.000000
+0.006000	+0.000660	+0.110052	+0.000000
+0.007000	+0.000770	+0.110052	+0.000000
+0.008000	+0.000880	+0.110052	+0.000000
+0.009000	+0.000990	+0.110052	+0.000000
+0.010000	+0.001101	+0.110052	+0.000000
+0.011000	+0.001211	+0.110052	+0.000000
+0.012000	+0.001321	+0.110052	+0.000000
+0.013000	+0.001431	+0.110052	+0.000000
+0.014000	+0.001541	+0.110052	+0.000000
+0.015000	+0.001651	+0.110052	+0.000000
+0.016000	+0.001761	+0.110052	+0.000000
+0.017000	+0.001871	+0.110052	+0.000000
+0.018000	+0.001981	+0.110052	+0.000000
+0.019000	+0.002091	+0.110052	+0.000000
+0.020000	+0.002201	+0.110052	+0.000000
+0.021000	+0.002311	+0.110052	+0.000000
+0.022000	+0.002421	+0.110052	+0.000000
+0.023000	+0.002531	+0.110052	+0.000000
+0.024000	+0.002641	+0.110052	+0.000000
+0.025000	+0.002751	+0.110052	+0.000000
+0.026000	+0.002861	+0.109834	+0.000000
+0.027000	+0.002971	+0.109834	+0.000000
+0.028000	+0.003081	+0.109834	+0.000000
+0.029000	+0.003191	+0.109834	+0.000000
+0.030000	+0.003300	+0.109834	+0.000000
+0.031000	+0.003410	+0.109834	+0.000000
+0.032000	+0.003520	+0.109834	+0.000000
+0.033000	+0.003630	+0.109834	+0.000000
+0.034000	+0.003740	+0.109834	+0.000000
+0.035000	+0.003850	+0.109834	+0.000000
+0.036000	+0.003959	+0.109834	+0.000000
+0.037000	+0.004069	+0.109834	+0.000000
+0.038000	+0.004179	+0.109834	+0.000000
+0.039000	+0.004289	+0.109834	+0.000000
+0.040000	+0.004399	+0.109834	+0.000000
+0.041000	+0.004509	+0.109834	+0.000000
+0.042000	+0.004618	+0.109834	+0.000000
+0.043000	+0.004728	+0.109834	+0.000000
+0.044000	+0.004838	+0.109834	+0.000000
+0.045000	+0.004948	+0.109834	+0.000000
+0.046000	+0.005058	+0.109834	+0.000000
+0.047000	+0.005168	+0.109834	+0.000000
+0.048000	+0.005277	+0.109834	+0.000000
+0.049000	+0.005387	+0.109834	+0.000000
+0.050000	+0.005497	+0.109834	+0.000000
+0.051000	+0.005607	+0.109654	+0.000000
+0.052000	+0.005716	+0.109654	+0.000000
+0.053000	+0.005826	+0.109654	+0.000000
+0.054000	+0.005936	+0.109654	+0.000000
+0.055000	+0.006045	+0.109654	+0.000000
+0.056000	+0.006155	+0.109654	+0.000000
+0.057000	+0.006265	+0.109654	+0.000000
+0.058000	+0.006374	+0.109654	+0.000000
+0.059000	+0.006484	+0.109654	+0.000000
+0.060000	+0.006594	+0.109654	+0.000000
+0.061000	+0.006703	+0.109654	+0.000000
+0.062000	+0.006813	+0.109654	+0.000000
+0.063000	+0.006923	+0.109654	+0.000000
+0.064000	+0.007032	+0.109654	+0.000000
+0.065000	+0.007142	+0.109654	+0.000000
+0.066000	+0.007252	+0.109654	+0.000000
+0.067000	+0.007361	+0.109654	+0.000000
+0.068000	+0.007471	+0.109654	+0.000000
+0.069000	+0.007581	+0.109654	+0.000000
+0.070000	+0.007690	+0.109654	+0.000000
+0.071000	+0.007800	+0.109654	+0.000000
+0.072000	+0.007910	+0.109654	+0.000000
+0.073000	+0.008019	+0.109654	+0.000000
+0.074000	+0.008129	+0.109654	+0.000000
+0.075000	+0.008238	+0.109654	+0.000000
+0.076000	+0.008348	+0.109172	+0.000000
+0.077000	+0.008457	+0.109172	+0.000000
+0.078000	+0.008566	+0.109172	+0.000000
+0.079000	+0.008675	+0.109172	+0.000000
+0.080000	+0.008784	+0.109172	+0.000000
+0.081000	+0.008894	+0.109172	+0.000000
+0.082000	+0.009003	+0.109172	+0.000000
+0.083000	+0.009112	+0.109172	+0.000000
+0.084000	+0.009221	+0.109172	+0.000000
+0.085000	+0.009330	+0.109172	+0.000000
+0.086000	+0.009439	+0.109172	+0.000000
+0.087000	+0.009549	+0.109172	+0.000000
+0.088000	+0.009658	+0.109172	+0.000000
+0.089000	+0.009767	+0.109172	+0.000000
+0.090000	+0.009876	+0.109172	+0.000000
+0.091000	+0.009985	+0.109172	+0.000000
+0.092000	+0.010094	+0.109172	+0.000000
+0.093000	+0.010204	+0.109172	+0.000000
+0.094000	+0.010313	+0.109172	+0.000000
+0.095000	+0.010422	+0.109172	+0.000000
+0.096000	+0.010531	+0.109172	+0.000000
+0.097000	+0.010640	+0.109172	+0.000000
+0.098000	+0.010749	+0.109172	+0.000000
+0.099000	+0.010859	+0.109172	+0.000000
+0.100000	+0.010968	+0.109172	+0.000000
+0.101000	+0.011076	+0.108448	+0.000000
+0.102000	+0.011185	+0.108448	+0.000000
+0.103000	+0.011293	+0.108448	+0.000000
+0.104000	+0.011402	+0.108448	+0.000000
+0.105000	+0.011510	+0.108448	+0.000000
+0.106000	+0.011618	+0.108448	+0.000000
+0.107000	+0.011727	+0.108448	+0.000000
+0.108000	+0.011835	+0.108448	+0.000000
+0.109000	+0.011944	+0.108448	+0.000000
+0.110000	+0.012052	+0.108448	+0.000000
+0.111000	+0.012161	+0.108448	+0.000000
+0.112000	+0.012269	+0.108448	+0.000000
+0.113000	+0.012378	+0.108448	+0.000000
+0.114000	+0.012486	+0.108448	+0.000000
+0.115000	+0.012595	+0.108448	+0.000000
+0.116000	+0.012703	+0.108448	+0.000000
+0.117000	+0.012811	+0.108448	+0.000000
+0.118000	+0.012920	+0.108448	+0.000000
+0.119000	+0.013028	+0.108448	+0.000000
+0.120000	+0.013137	+0.108448	+0.000000
+0.121000	+0.013245	+0.108448	+0.000000
+0.122000	+0.013354	+0.108448	+0.000000
+0.123000	+0.013462	+0.108448	+0.000000
+0.124000	+0.013571	+0.108448	+0.000000
+0.125000	+0.013679	+0.108448	+0.000000
+0.126000	+0.013787	+0.108149	+0.000000
+0.127000	+0.013895	+0.108149	+0.000000
+0.128000	+0.014003	+0.108149	+0.000000
+0.129000	+0.014112	+0.108149	+0.000000
+0.130000	+0.014220	+0.108149	+0.000000
+0.131000	+0.014328	+0.108149	+0.000000
+0.132000	+0.014436	+0.108149	+0.000000
+0.133000	+0.014544	+0.108149	+0.000000
+0.134000	+0.014652	+0.108149	+0.000000
+0.135000	+0.014760	+0.108149	+0.000000
+0.136000	+0.014869	+0.108149	+0.000000
+0.137000	+0.014977	+0.108149	+0.000000
+0.138000	+0.015085	+0.108149	+0.000000
+0.139000	+0.015193	+0.108149	+0.000000
+0.140000	+0.015301	+0.108149	+0.000000
+0.141000	+0.015409	+0.108149	+0.000000
+0.142000	+0.015518	+0.108149	+0.000000
+0.143000	+0.015626	+0.108149	+0.000000
+0.144000	+0.015734	+0.108149	+0.000000
+0.145000	+0.015842	+0.108149	+0.000000
+0.146000	+0.015950	+0.108149	+0.000000
+0.147000	+0.016058	+0.108149	+0.000000
+0.148000	+0.016166	+0.108149	+0.000000
+0.149000	+0.016275	+0.108149	+0.000000
+0.150000	+0.016383	+0.108149	+0.000000
+0.151000	+0.016490	+0.106808	+0.000000
+0.152000	+0.016596	+0.106808	+0.000000
+0.153000	+0.016703	+0.106808	+0.000000
+0.154000	+0.016810	+0.106808	+0.000000
+0.155000	+0.016917	+0.106808	+0.000000
+0.156000	+0.017024	+0.106808	+0.000000
+0.157000	+0.017130	+0.106808	+0.000000
+0.158000	+0.017237	+0.106808	+0.000000
+0.159000	+0.017344	+0.106808	+0.000000
+0.160000	+0.017451	+0.106808	+0.000000
+0.161000	+0.017558	+0.106808	+0.000000
+0.162000	+0.017664	+0.106808	+0.000000
+0.163000	+0.017771	+0.106808	+0.000000
+0.164000	+0.017878	+0.106808	+0.000000
+0.165000	+0.017985	+0.106808	+0.000000
+0.166000	+0.018092	+0.106808	+0.000000
+0.167000	+0.018198	+0.106808	+0.000000
+0.168000	+0.018305	+0.106808	+0.000000
+0.169000	+0.018412	+0.106808	+0.000000
+0.170000	+0.018519	+0.106808	+0.000000
+0.171000	+0.018626	+0.106808	+0.000000
+0.172000	+0.018733	+0.106808	+0.000000
+0.173000	+0.018839	+0.106808	+0.000000
+0.174000	+0.018946	+0.106808	+0.000000
+0.175000	+0.019053	+0.106808	+0.000000
+0.176000	+0.019160	+0.106766	+0.000000
+0.177000	+0.019266	+0.106766	+0.000000
+0.178000	+0.019373	+0.106766	+0.000000
+0.179000	+0.019480	+0.106766	+0.000000
+0.180000	+0.019587	+0.106766	+0.000000
+0.181000	+0.019694	+0.106766	+0.000000
+0.182000	+0.019800	+0.106766	+0.000000
+0.183000	+0.019907	+0.106766	+0.000000
+0.184000	+0.020014	+0.106766	+0.000000
+0.185000	+0.020121	+0.106766	+0.000000
+0.186000	+0.020227	+0.106766	+0.000000
+0.187000	+0.020334	+0.106766	+0.000000
+0.188000	+0.020441	+0.106766	+0.000000
+0.189000	+0.020548	+0.106766	+0.000000
+0.190000	+0.020654	+0.106766	+0.000000
+0.191000	+0.020761	+0.106766	+0.000000
+0.192000	+0.020868	+0.106766	+0.000000
+0.193000	+0.020975	+0.106766	+0.000000
+0.194000	+0.021081	+0.106766	+0.000000
+0.195000	+0.021188	+0.106766	+0.000000
+0.196000	+0.021295	+0.106766	+0.000000
+0.197000	+0.021402	+0.106766	+0.000000
+0.198000	+0.021509	+0.106766	+0.000000
+0.199000	+0.021615	+0.106766	+0.000000
+0.200000	+0.021722	+0.106766	+0.000000
+0.201000	+0.021827	+0.105107	+0.000000
+0.202000	+0.021932	+0.105107	+0.000000
+0.203000	+0.022037	+0.105107	+0.000000
+0.204000	+0.022143	+0.105107	+0.000000
+0.205000	+0.022248	+0.105107	+0.000000
+0.206000	+0.022353	+0.105107	+0.000000
+0.207000	+0.022458	+0.105107	+0.000000
+0.208000	+0.022563	+0.105107	+0.000000
+0.209000	+0.022668	+0.105107	+0.000000
+0.210000	+0.022773	+0.105107	+0.000000
+0.211000	+0.022878	+0.105107	+0.000000
+0.212000	+0.022983	+0.105107	+0.000000
+0.213000	+0.023088	+0.105107	+0.000000
+0.214000	+0.023194	+0.105107	+0.000000
+0.215000	+0.023299	+0.105107	+0.000000
+0.216000	+0.023404	+0.105107	+0.000000
+0.217000	+0.023509	+0.105107	+0.000000
+0.218000	+0.023614	+0.105107	+0.000000
+0.219000	+0.023719	+0.105107	+0.000000
+0.220000	+0.023824	+0.105107	+0.000000
+0.221000	+0.023929	+0.105107	+0.000000
+0.222000	+0.024034	+0.105107	+0.000000
+0.223000	+0.024140	+0.105107	+0.000000
+0.224000	+0.024245	+0.105107	+0.000000
+0.225000	+0.024350	+0.105107	+0.000000
+0.226000	+0.024454	+0.104033	+0.000000
+0.227000	+0.024558	+0.104033	+0.000000
+0.228000	+0.024662	+0.104033	+0.000000
+0.229000	+0.024766	+0.104033	+0.000000
+0.230000	+0.024870	+0.104033	+0.000000
+0.231000	+0.024974	+0.104033	+0.000000
+0.232000	+0.025078	+0.104033	+0.000000
+0.233000	+0.025182	+0.104033	+0.000000
+0.234000	+0.025286	+0.104033	+0.000000
+0.235000	+0.025390	+0.104033	+0.000000
+0.236000	+0.025494	+0.104033	+0.000000
+0.237000	+0.025598	+0.104033	+0.000000
+0.238000	+0.025702	+0.104033	+0.000000
+0.239000	+0.025806	+0.104033	+0.000000
+0.240000	+0.025910	+0.104033	+0.000000
+0.241000	+0.026014	+0.104033	+0.000000
+0.242000	+0.026118	+0.104033	+0.000000
+0.243000	+0.026222	+0.104033	+0.000000
+0.244000	+0.026326	+0.104033	+0.000000
+0.245000	+0.026430	+0.104033	+0.000000
+0.246000	+0.026534	+0.104033	+0.000000
+0.247000	+0.026638	+0.104033	+0.000000
+0.248000	+0.026743	+0.104033	+0.000000
+0.249000	+0.026847	+0.104033	+0.000000
+0.250000	+0.026951	+0.104033	+0.000000
+0.251000	+0.027053	+0.102664	+0.000000
+0.252000	+0.027156	+0.102664	+0.000000
+0.253000	+0.027259	+0.102664	+0.000000
+0.254000	+0.027361	+0.102664	+0.000000
+0.255000	+0.027464	+0.102664	+0.000000
+0.256000	+0.027567	+0.102664	+0.000000
+0.257000	+0.027669	+0.102664	+0.000000
+0.258000	+0.027772	+0.102664	+0.000000
+0.259000	+0.027875	+0.102664	+0.000000
+0.260000	+0.027977	+0.102664	+0.000000
+0.261000	+0.028080	+0.102664	+0.000000
+0.262000	+0.028183	+0.102664	+0.000000
+0.263000	+0.028285	+0.102664	+0.000000
+0.264000	+0.028388	+0.102664	+0.000000
+0.265000	+0.028491	+0.102664	+0.000000
+0.266000	+0.028593	+0.102664	+0.000000
+0.267000	+0.028696	+0.102664	+0.000000
+0.268000	+0.028799	+0.102664	+0.000000
+0.269000	+0.028901	+0.102664	+0.000000
+0.270000	+0.029004	+0.102664	+0.000000
+0.271000	+0.029107	+0.102664	+0.000000
+0.272000	+0.029209	+0.102664	+0.000000
+0.273000	+0.029312	+0.102664	+0.000000
+0.274000	+0.029415	+0.102664	+0.000000
+0.275000	+0.029517	+0.102664	+0.000000
+0.276000	+0.029618	+0.100478	+0.000000
+0.277000	+0.029718	+0.100478	+0.000000
+0.278000	+0.029819	+0.100478	+0.000000
+0.279000	+0.029919	+0.100478	+0.000000
+0.280000	+0.030020	+0.100478	+0.000000
+0.281000	+0.030120	+0.100478	+0.000000
+0.282000	+0.030221	+0.100478	+0.000000
+0.283000	+0.030321	+0.100478	+0.000000
+0.284000	+0.030421	+0.100478	+0.000000
+0.285000	+0.030522	+0.100478	+0.000000
+0.286000	+0.030622	+0.100478	+0.000000
+0.287000	+0.030723	+0.100478	+0.000000
+0.288000	+0.030823	+0.100478	+0.000000
+0.289000	+0.030924	+0.100478	+0.000000
+0.290000	+0.031024	+0.100478	+0.000000
+0.291000	+0.031125	+0.100478	+0.000000
+0.292000	+0.031225	+0.100478	+0.000000
+0.293000	+0.031326	+0.100478	+0.000000
+0.294000	+0.031426	+0.100478	+0.000000
+0.295000	+0.031527	+0.100478	+0.000000
+0.296000	+0.031627	+0.100478	+0.000000
+0.297000	+0.031728	+0.100478	+0.000000
+0.298000	+0.031828	+0.100478	+0.000000
+0.299000	+0.031929	+0.100478	+0.000000
+0.300000	+0.032029	+0.100478	+0.000000
+0.301000	+0.032129	+0.100137	+0.000000
+0.302000	+0.032229	+0.100137	+0.000000
+0.303000	+0.032330	+0.100137	+0.000000
+0.304000	+0.032430	+0.100137	+0.000000
+0.305000	+0.032530	+0.100137	+0.000000
+0.306000	+0.032630	+0.100137	+0.000000
+0.307000	+0.032730	+0.100137	+0.000000
+0.308000	+0.032830	+0.100137	+0.000000
+0.309000	+0.032930	+0.100137	+0.000000
+0.310000	+0.033030	+0.100137	+0.000000
+0.311000	+0.033131	+0.100137	+0.000000
+0.312000	+0.033231	+0.100137	+0.000000
+0.313000	+0.033331	+0.100137	+0.000000
+0.314000	+0.033431	+0.100137	+0.000000
+0.315000	+0.033531	+0.100137	+0.000000
+0.316000	+0.033631	+0.100137	+0.000000
+0.317000	+0.033731	+0.100137	+0.000000
+0.318000	+0.033832	+0.100137	+0.000000
+0.319000	+0.033932	+0.100137	+0.000000
+0.320000	+0.034032	+0.100137	+0.000000
+0.321000	+0.034132	+0.100137	+0.000000
+0.322000	+0.034232	+0.100137	+0.000000
+0.323000	+0.034332	+0.100137	+0.000000
+0.324000	+0.034432	+0.100137	+0.000000
+0.325000	+0.034533	+0.100137	+0.000000
+0.326000	+0.034630	+0.097204	+0.000000
+0.327000	+0.034727	+0.097204	+0.000000
+0.328000	+0.034824	+0.097204	+0.000000
+0.329000	+0.034921	+0.097204	+0.000000
+0.330000	+0.035019	+0.097204	+0.000000
+0.331000	+0.035116	+0.097204	+0.000000
+0.332000	+0.035213	+0.097204	+0.000000
+0.333000	+0.035310	+0.097204	+0.000000
+0.334000	+0.035407	+0.097204	+0.000000
+0.335000	+0.035505	+0.097204	+0.000000
+0.336000	+0.035602	+0.097204	+0.000000
+0.337000	+0.035699	+0.097204	+0.000000
+0.338000	+0.035796	+0.097204	+0.000000
+0.339000	+0.035893	+0.097204	+0.000000
+0.340000	+0.035991	+0.097204	+0.000000
+0.341000	+0.036088	+0.097204	+0.000000
+0.342000	+0.036185	+0.097204	+0.000000
+0.343000	+0.036282	+0.097204	+0.000000
+0.344000	+0.036379	+0.097204	+0.000000
+0.345000	+0.036477	+0.097204	+0.000000
+0.346000	+0.036574	+0.097204	+0.000000
+0.347000	+0.036671	+0.097204	+0.000000
+0.348000	+0.036768	+0.097204	+0.000000
+0.349000	+0.036865	+0.097204	+0.000000
+0.350000	+0.036963	+0.097204	+0.000000
+0.351000	+0.037059	+0.096649	+0.000000
+0.352000	+0.037156	+0.096649	+0.000000
+0.353000	+0.037253	+0.096649	+0.000000
+0.354000	+0.037349	+0.096649	+0.000000
+0.355000	+0.037446	+0.096649	+0.000000
+0.356000	+0.037543	+0.096649	+0.000000
+0.357000	+0.037639	+0.096649	+0.000000
+0.358000	+0.037736	+0.096649	+0.000000
+0.359000	+0.037833	+0.096649	+0.000000
+0.360000	+0.037929	+0.096649	+0.000000
+0.361000	+0.038026	+0.096649	+0.000000
+0.362000	+0.038122	+0.096649	+0.000000
+0.363000	+0.038219	+0.096649	+0.000000
+0.364000	+0.038316	+0.096649	+0.000000
+0.365000	+0.038412	+0.096649	+0.000000
+0.366000	+0.038509	+0.096649	+0.000000
+0.367000	+0.038606	+0.096649	+0.000000
+0.368000	+0.038702	+0.096649	+0.000000
+0.369000	+0.038799	+0.096649	+0.000000
+0.370000	+0.038896	+0.096649	+0.000000
+0.371000	+0.038992	+0.096649	+0.000000
+0.372000	+0.039089	+0.096649	+0.000000
+0.373000	+0.039186	+0.096649	+0.000000
+0.374000	+0.039282	+0.096649	+0.000000
+0.375000	+0.039379	+0.096649	+0.000000
+0.376000	+0.039473	+0.093739	+0.000000
+0.377000	+0.039566	+0.093739	+0.000000
+0.378000	+0.039660	+0.093739	+0.000000
+0.379000	+0.039754	+0.093739	+0.000000
+0.380000	+0.039848	+0.093739	+0.000000
+0.381000	+0.039941	+0.093739	+0.000000
+0.382000	+0.040035	+0.093739	+0.000000
+0.383000	+0.040129	+0.093739	+0.000000
+0.384000	+0.040223	+0.093739	+0.000000
+0.385000	+0.040316	+0.093739	+0.000000
+0.386000	+0.040410	+0.093739	+0.000000
+0.387000	+0.040504	+0.093739	+0.000000
+0.388000	+0.040597	+0.093739	+0.000000
+0.389000	+0.040691	+0.093739	+0.000000
+0.390000	+0.040785	+0.093739	+0.000000
+0.391000	+0.040879	+0.093739	+0.000000
+0.392000	+0.040972	+0.093739	+0.000000
+0.393000	+0.041066	+0.093739	+0.000000
+0.394000	+0.041160	+0.093739	+0.000000
+0.395000	+0.041254	+0.093739	+0.000000
+0.396000	+0.041347	+0.093739	+0.000000
+0.397000	+0.041441	+0.093739	+0.000000
+0.398000	+0.041535	+0.093739	+0.000000
+0.399000	+0.041629	+0.093739	+0.000000
+0.400000	+0.041722	+0.093739	+0.000000
+0.401000	+0.041814	+0.091399	+0.000000
+0.402000	+0.041905	+0.091399	+0.000000
+0.403000	+0.041997	+0.091399	+0.000000
+0.404000	+0.042088	+0.091399	+0.000000
+0.405000	+0.042179	+0.091399	+0.000000
+0.406000	+0.042271	+0.091399	+0.000000
+0.407000	+0.042362	+0.091399	+0.000000
+0.408000	+0.042454	+0.091399	+0.000000
+0.409000	+0.042545	+0.091399	+0.000000
+0.410000	+0.042636	+0.091399	+0.000000
+0.411000	+0.042728	+0.091399	+0.000000
+0.412000	+0.042819	+0.091399	+0.000000
+0.413000	+0.042911	+0.091399	+0.000000
+0.414000	+0.043002	+0.091399	+0.000000
+0.415000	+0.043093	+0.091399	+0.000000
+0.416000	+0.043185	+0.091399	+0.000000
+0.417000	+0.043276	+0.091399	+0.000000
+0.418000	+0.043368	+0.091399	+0.000000
+0.419000	+0.043459	+0.091399	+0.000000
+0.420000	+0.043550	+0.091399	+0.000000
+0.421000	+0.043642	+0.091399	+0.000000
+0.422000	+0.043733	+0.091399	+0.000000
+0.423000	+0.043825	+0.091399	+0.000000
+0.424000	+0.043916	+0.091399	+0.000000
+0.425000	+0.044007	+0.091399	+0.000000
+0.426000	+0.044097	+0.089509	+0.000000
+0.427000	+0.044186	+0.089509	+0.000000
+0.428000	+0.044276	+0.089509	+0.000000
+0.429000	+0.044365	+0.089509	+0.000000
+0.430000	+0.044455	+0.089509	+0.000000
+0.431000	+0.044544	+0.089509	+0.000000
+0.432000	+0.044634	+0.089509	+0.000000
+0.433000	+0.044723	+0.089509	+0.000000
+0.434000	+0.044813	+0.089509	+0.000000
+0.435000	+0.044902	+0.089509	+0.000000
+0.436000	+0.044992	+0.089509	+0.000000
+0.437000	+0.045081	+0.089509	+0.000000
+0.438000	+0.045171	+0.089509	+0.000000
+0.439000	+0.045260	+0.089509	+0.000000
+0.440000	+0.045350	+0.089509	+0.000000
+0.441000	+0.045439	+0.089509	+0.000000
+0.442000	+0.045529	+0.089509	+0.000000
+0.443000	+0.045619	+0.089509	+0.000000
+0.444000	+0.045708	+0.089509	+0.000000
+0.445000	+0.045798	+0.089509	+0.000000
+0.446000	+0.045887	+0.089509	+0.000000
+0.447000	+0.045977	+0.089509	+0.000000
+0.448000	+0.046066	+0.089509	+0.000000
+0.449000	+0.046156	+0.089509	+0.000000
+0.450000	+0.046245	+0.089509	+0.000000
+0.451000	+0.046331	+0.085679	+0.000000
+0.452000	+0.046416	+0.085679	+0.000000
+0.453000	+0.046502	+0.085679	+0.000000
+0.454000	+0.046588	+0.085679	+0.000000
+0.455000	+0.046673	+0.085679	+0.000000
+0.456000	+0.046759	+0.085679	+0.000000
+0.457000	+0.046845	+0.085679	+0.000000
+0.458000	+0.046931	+0.085679	+0.000000
+0.459000	+0.047016	+0.085679	+0.000000
+0.460000	+0.047102	+0.085679	+0.000000
+0.461000	+0.047188	+0.085679	+0.000000
+0.462000	+0.047273	+0.085679	+0.000000
+0.463000	+0.047359	+0.085679	+0.000000
+0.464000	+0.047445	+0.085679	+0.000000
+0.465000	+0.047530	+0.085679	+0.000000
+0.466000	+0.047616	+0.085679	+0.000000
+0.467000	+0.047702	+0.085679	+0.000000
+0.468000	+0.047787	+0.085679	+0.000000
+0.469000	+0.047873	+0.085679	+0.000000
+0.470000	+0.047959	+0.085679	+0.000000
+0.471000	+0.048044	+0.085679	+0.000000
+0.472000	+0.048130	+0.085679	+0.000000
+0.473000	+0.048216	+0.085679	+0.000000
+0.474000	+0.048301	+0.085679	+0.000000
+0.475000	+0.048387	+0.085679	+0.000000
+0.476000	+0.048473	+0.085745	+0.000000
+0.477000	+0.048559	+0.085745	+0.000000
+0.478000	+0.048644	+0.085745	+0.000000
+0.479000	+0.048730	+0.085745	+0.000000
+0.480000	+0.048816	+0.085745	+0.000000
+0.481000	+0.048902	+0.085745	+0.000000
+0.482000	+0.048987	+0.085745	+0.000000
+0.483000	+0.049073	+0.085745	+0.000000
+0.484000	+0.049159	+0.085745	+0.000000
+0.485000	+0.049244	+0.085745	+0.000000
+0.486000	+0.049330	+0.085745	+0.000000
+0.487000	+0.049416	+0.085745	+0.000000
+0.488000	+0.049502	+0.085745	+0.000000
+0.489000	+0.049587	+0.085745	+0.000000
+0.490000	+0.049673	+0.085745	+0.000000
+0.491000	+0.049759	+0.085745	+0.000000
+0.492000	+0.049845	+0.085745	+0.000000
+0.493000	+0.049930	+0.085745	+0.000000
+0.494000	+0.050016	+0.085745	+0.000000
+0.495000	+0.050102	+0.085745	+0.000000
+0.496000	+0.050188	+0.085745	+0.000000
+0.497000	+0.050273	+0.085745	+0.000000
+0.498000	+0.050359	+0.085745	+0.000000
+0.499000	+0.050445	+0.085745	+0.000000
+0.500000	+0.050531	+0.085745	+0.000000
+0.501000	+0.050612	+0.081266	+0.000000
+0.502000	+0.050693	+0.081266	+0.000000
+0.503000	+0.050774	+0.081266	+0.000000
+0.504000	+0.050856	+0.081266	+0.000000
+0.505000	+0.050937	+0.081266	+0.000000
+0.506000	+0.051018	+0.081266	+0.000000
+0.507000	+0.051100	+0.081266	+0.000000
+0.508000	+0.051181	+0.081266	+0.000000
+0.509000	+0.051262	+0.081266	+0.000000
+0.510000	+0.051343	+0.081266	+0.000000
+0.511000	+0.051425	+0.081266	+0.000000
+0.512000	+0.051506	+0.081266	+0.000000
+0.513000	+0.051587	+0.081266	+0.000000
+0.514000	+0.051668	+0.081266	+0.000000
+0.515000	+0.051750	+0.081266	+0.000000
+0.516000	+0.051831	+0.081266	+0.000000
+0.517000	+0.051912	+0.081266	+0.000000
+0.518000	+0.051993	+0.081266	+0.000000
+0.519000	+0.052075	+0.081266	+0.000000
+0.520000	+0.052156	+0.081266	+0.000000
+0.521000	+0.052237	+0.081266	+0.000000
+0.522000	+0.052319	+0.081266	+0.000000
+0.523000	+0.052400	+0.081266	+0.000000
+0.524000	+0.052481	+0.081266	+0.000000
+0.525000	+0.052562	+0.081266	+0.000000
+0.526000	+0.052642	+0.079738	+0.000000
+0.527000	+0.052722	+0.079738	+0.000000
+0.528000	+0.052802	+0.079738	+0.000000
+0.529000	+0.052881	+0.079738	+0.000000
+0.530000	+0.052961	+0.079738	+0.000000
+0.531000	+0.053041	+0.079738	+0.000000
+0.532000	+0.053120	+0.079738	+0.000000
+0.533000	+0.053200	+0.079738	+0.000000
+0.534000	+0.053280	+0.079738	+0.000000
+0.535000	+0.053360	+0.079738	+0.000000
+0.536000	+0.053439	+0.079738	+0.000000
+0.537000	+0.053519	+0.079738	+0.000000
+0.538000	+0.053599	+0.079738	+0.000000
+0.539000	+0.053679	+0.079738	+0.000000
+0.540000	+0.053758	+0.079738	+0.000000
+0.541000	+0.053838	+0.079738	+0.000000
+0.542000	+0.053918	+0.079738	+0.000000
+0.543000	+0.053998	+0.079738	+0.000000
+0.544000	+0.054077	+0.079738	+0.000000
+0.545000	+0.054157	+0.079738	+0.000000
+0.546000	+0.054237	+0.079738	+0.000000
+0.547000	+0.054317	+0.079738	+0.000000
+0.548000	+0.054396	+0.079738	+0.000000
+0.549000	+0.054476	+0.079738	+0.000000
+0.550000	+0.054556	+0.079738	+0.000000
+0.551000	+0.054632	+0.075840	+0.000000
+0.552000	+0.054707	+0.075840	+0.000000
+0.553000	+0.054783	+0.075840	+0.000000
+0.554000	+0.054859	+0.075840	+0.000000
+0.555000	+0.054935	+0.075840	+0.000000
+0.556000	+0.055011	+0.075840	+0.000000
+0.557000	+0.055087	+0.075840	+0.000000
+0.558000	+0.055163	+0.075840	+0.000000
+0.559000	+0.055238	+0.075840	+0.000000
+0.560000	+0.055314	+0.075840	+0.000000
+0.561000	+0.055390	+0.075840	+0.000000
+0.562000	+0.055466	+0.075840	+0.000000
+0.563000	+0.055542	+0.075840	+0.000000
+0.564000	+0.055618	+0.075840	+0.000000
+0.565000	+0.055693	+0.075840	+0.000000
+0.566000	+0.055769	+0.075840	+0.000000
+0.567000	+0.055845	+0.075840	+0.000000
+0.568000	+0.055921	+0.075840	+0.000000
+0.569000	+0.055997	+0.075840	+0.000000
+0.570000	+0.056073	+0.075840	+0.000000
+0.571000	+0.056148	+0.075840	+0.000000
+0.572000	+0.056224	+0.075840	+0.000000
+0.573000	+0.056300	+0.075840	+0.000000
+0.574000	+0.056376	+0.075840	+0.000000
+0.575000	+0.056452	+0.075840	+0.000000
+0.576000	+0.056524	+0.071914	+0.000000
+0.577000	+0.056596	+0.071914	+0.000000
+0.578000	+0.056668	+0.071914	+0.000000
+0.579000	+0.056739	+0.071914	+0.000000
+0.580000	+0.056811	+0.071914	+0.000000
+0.581000	+0.056883	+0.071914	+0.000000
+0.582000	+0.056955	+0.071914	+0.000000
+0.583000	+0.057027	+0.071914	+0.000000
+0.584000	+0.057099	+0.071914	+0.000000
+0.585000	+0.057171	+0.071914	+0.000000
+0.586000	+0.057243	+0.071914	+0.000000
+0.587000	+0.057315	+0.071914	+0.000000
+0.588000	+0.057387	+0.071914	+0.000000
+0.589000	+0.057459	+0.071914	+0.000000
+0.590000	+0.057530	+0.071914	+0.000000
+0.591000	+0.057602	+0.071914	+0.000000
+0.592000	+0.057674	+0.071914	+0.000000
+0.593000	+0.057746	+0.071914	+0.000000
+0.594000	+0.057818	+0.071914	+0.000000
+0.595000	+0.057890	+0.071914	+0.000000
+0.596000	+0.057962	+0.071914	+0.000000
+0.597000	+0.058034	+0.071914	+0.000000
+0.598000	+0.058106	+0.071914	+0.000000
+0.599000	+0.058178	+0.071914	+0.000000
+0.600000	+0.058250	+0.071914	+0.000000
+0.601000	+0.058320	+0.069910	+0.000000
+0.602000	+0.058389	+0.069910	+0.000000
+0.603000	+0.058459	+0.069910	+0.000000
+0.604000	+0.058529	+0.069910	+0.000000
+0.605000	+0.058599	+0.069910	+0.000000
+0.606000	+0.058669	+0.069910	+0.000000
+0.607000	+0.058739	+0.069910	+0.000000
+0.608000	+0.058809	+0.069910	+0.000000
+0.609000	+0.058879	+0.069910	+0.000000
+0.610000	+0.058949	+0.069910	+0.000000
+0.611000	+0.059019	+0.069910	+0.000000
+0.612000	+0.059089	+0.069910	+0.000000
+0.613000	+0.059158	+0.069910	+0.000000
+0.614000	+0.059228	+0.069910	+0.000000
+0.615000	+0.059298	+0.069910	+0.000000
+0.616000	+0.059368	+0.069910	+0.000000
+0.617000	+0.059438	+0.069910	+0.000000
+0.618000	+0.059508	+0.069910	+0.000000
+0.619000	+0.059578	+0.069910	+0.000000
+0.620000	+0.059648	+0.069910	+0.000000
+0.621000	+0.059718	+0.069910	+0.000000
+0.622000	+0.059788	+0.069910	+0.000000
+0.623000	+0.059858	+0.069910	+0.000000
+0.624000	+0.059927	+0.069910	+0.000000
+0.625000	+0.059997	+0.069910	+0.000000
+0.626000	+0.060062	+0.064327	+0.000000
+0.627000	+0.060126	+0.064327	+0.000000
+0.628000	+0.060190	+0.064327	+0.000000
+0.629000	+0.060255	+0.064327	+0.000000
+0.630000	+0.060319	+0.064327	+0.000000
+0.631000	+0.060383	+0.064327	+0.000000
+0.632000	+0.060448	+0.064327	+0.000000
+0.633000	+0.060512	+0.064327	+0.000000
+0.634000	+0.060576	+0.064327	+0.000000
+0.635000	+0.060641	+0.064327	+0.000000
+0.636000	+0.060705	+0.064327	+0.000000
+0.637000	+0.060769	+0.064327	+0.000000
+0.638000	+0.060834	+0.064327	+0.000000
+0.639000	+0.060898	+0.064327	+0.000000
+0.640000	+0.060962	+0.064327	+0.000000
+0.641000	+0.061027	+0.064327	+0.000000
+0.642000	+0.061091	+0.064327	+0.000000
+0.643000	+0.061155	+0.064327	+0.000000
+0.644000	+0.061220	+0.064327	+0.000000
+0.645000	+0.061284	+0.064327	+0.000000
+0.646000	+0.061348	+0.064327	+0.000000
+0.647000	+0.061413	+0.064327	+0.000000
+0.648000	+0.061477	+0.064327	+0.000000
+0.649000	+0.061541	+0.064327	+0.000000
+0.650000	+0.061606	+0.064327	+0.000000
+0.651000	+0.061670	+0.064655	+0.000000
+0.652000	+0.061735	+0.064655	+0.000000
+0.653000	+0.061800	+0.064655	+0.000000
+0.654000	+0.061864	+0.064655	+0.000000
+0.655000	+0.061929	+0.064655	+0.000000
+0.656000	+0.061993	+0.064655	+0.000000
+0.657000	+0.062058	+0.064655	+0.000000
+0.658000	+0.062123	+0.064655	+0.000000
+0.659000	+0.062187	+0.064655	+0.000000
+0.660000	+0.062252	+0.064655	+0.000000
+0.661000	+0.062317	+0.064655	+0.000000
+0.662000	+0.062381	+0.064655	+0.000000
+0.663000	+0.062446	+0.064655	+0.000000
+0.664000	+0.062511	+0.064655	+0.000000
+0.665000	+0.062575	+0.064655	+0.000000
+0.666000	+0.062640	+0.064655	+0.000000
+0.667000	+0.062705	+0.064655	+0.000000
+0.668000	+0.062769	+0.064655	+0.000000
+0.669000	+0.062834	+0.064655	+0.000000
+0.670000	+0.062899	+0.064655	+0.000000
+0.671000	+0.062963	+0.064655	+0.000000
+0.672000	+0.063028	+0.064655	+0.000000
+0.673000	+0.063093	+0.064655	+0.000000
+0.674000	+0.063157	+0.064655	+0.000000
+0.675000	+0.063222	+0.064655	+0.000000
+0.676000	+0.063281	+0.058757	+0.000000
+0.677000	+0.063339	+0.058757	+0.000000
+0.678000	+0.063398	+0.058757	+0.000000
+0.679000	+0.063457	+0.058757	+0.000000
+0.680000	+0.063516	+0.058757	+0.000000
+0.681000	+0.063574	+0.058757	+0.000000
+0.682000	+0.063633	+0.058757	+0.000000
+0.683000	+0.063692	+0.058757	+0.000000
+0.684000	+0.063751	+0.058757	+0.000000
+0.685000	+0.063809	+0.058757	+0.000000
+0.686000	+0.063868	+0.058757	+0.000000
+0.687000	+0.063927	+0.058757	+0.000000
+0.688000	+0.063986	+0.058757	+0.000000
+0.689000	+0.064045	+0.058757	+0.000000
+0.690000	+0.064103	+0.058757	+0.000000
+0.691000	+0.064162	+0.058757	+0.000000
+0.692000	+0.064221	+0.058757	+0.000000
+0.693000	+0.064280	+0.058757	+0.000000
+0.694000	+0.064338	+0.058757	+0.000000
+0.695000	+0.064397	+0.058757	+0.000000
+0.696000	+0.064456	+0.058757	+0.000000
+0.697000	+0.064515	+0.058757	+0.000000
+0.698000	+0.064573	+0.058757	+0.000000
+0.699000	+0.064632	+0.058757	+0.000000
+0.700000	+0.064691	+0.058757	+0.000000
+0.701000	+0.064747	+0.055826	+0.000000
+0.702000	+0.064802	+0.055826	+0.000000
+0.703000	+0.064858	+0.055826	+0.000000
+0.704000	+0.064914	+0.055826	+0.000000
+0.705000	+0.064970	+0.055826	+0.000000
+0.706000	+0.065026	+0.055826	+0.000000
+0.707000	+0.065082	+0.055826	+0.000000
+0.708000	+0.065137	+0.055826	+0.000000
+0.709000	+0.065193	+0.055826	+0.000000
+0.710000	+0.065249	+0.055826	+0.000000
+0.711000	+0.065305	+0.055826	+0.000000
+0.712000	+0.065361	+0.055826	+0.000000
+0.713000	+0.065417	+0.055826	+0.000000
+0.714000	+0.065472	+0.055826	+0.000000
+0.715000	+0.065528	+0.055826	+0.000000
+0.716000	+0.065584	+0.055826	+0.000000
+0.717000	+0.065640	+0.055826	+0.000000
+0.718000	+0.065696	+0.055826	+0.000000
+0.719000	+0.065752	+0.055826	+0.000000
+0.720000	+0.065807	+0.055826	+0.000000
+0.721000	+0.065863	+0.055826	+0.000000
+0.722000	+0.065919	+0.055826	+0.000000
+0.723000	+0.065975	+0.055826	+0.000000
+0.724000	+0.066031	+0.055826	+0.000000
+0.725000	+0.066086	+0.055826	+0.000000
+0.726000	+0.066138	+0.051261	+0.000000
+0.727000	+0.066189	+0.051261	+0.000000
+0.728000	+0.066240	+0.051261	+0.000000
+0.729000	+0.066292	+0.051261	+0.000000
+0.730000	+0.066343	+0.051261	+0.000000
+0.731000	+0.066394	+0.051261	+0.000000
+0.732000	+0.066445	+0.051261	+0.000000
+0.733000	+0.066497	+0.051261	+0.000000
+0.734000	+0.066548	+0.051261	+0.000000
+0.735000	+0.066599	+0.051261	+0.000000
+0.736000	+0.066650	+0.051261	+0.000000
+0.737000	+0.066702	+0.051261	+0.000000
+0.738000	+0.066753	+0.051261	+0.000000
+0.739000	+0.066804	+0.051261	+0.000000
+0.740000	+0.066855	+0.051261	+0.000000
+0.741000	+0.066907	+0.051261	+0.000000
+0.742000	+0.066958	+0.051261	+0.000000
+0.743000	+0.067009	+0.051261	+0.000000
+0.744000	+0.067060	+0.051261	+0.000000
+0.745000	+0.067112	+0.051261	+0.000000
+0.746000	+0.067163	+0.051261	+0.000000
+0.747000	+0.067214	+0.051261	+0.000000
+0.748000	+0.067265	+0.051261	+0.000000
+0.749000	+0.067317	+0.051261	+0.000000
+0.750000	+0.067368	+0.051261	+0.000000
+0.751000	+0.067414	+0.045493	+0.000000
+0.752000	+0.067459	+0.045493	+0.000000
+0.753000	+0.067504	+0.045493	+0.000000
+0.754000	+0.067550	+0.045493	+0.000000
+0.755000	+0.067595	+0.045493	+0.000000
+0.756000	+0.067641	+0.045493	+0.000000
+0.757000	+0.067686	+0.045493	+0.000000
+0.758000	+0.067732	+0.045493	+0.000000
+0.759000	+0.067777	+0.045493	+0.000000
+0.760000	+0.067823	+0.045493	+0.000000
+0.761000	+0.067868	+0.045493	+0.000000
+0.762000	+0.067914	+0.045493	+0.000000
+0.763000	+0.067959	+0.045493	+0.000000
+0.764000	+0.068005	+0.045493	+0.000000
+0.765000	+0.068050	+0.045493	+0.000000
+0.766000	+0.068096	+0.045493	+0.000000
+0.767000	+0.068141	+0.045493	+0.000000
+0.768000	+0.068187	+0.045493	+0.000000
+0.769000	+0.068232	+0.045493	+0.000000
+0.770000	+0.068278	+0.045493	+0.000000
+0.771000	+0.068323	+0.045493	+0.000000
+0.772000	+0.068369	+0.045493	+0.000000
+0.773000	+0.068414	+0.045493	+0.000000
+0.774000	+0.068460	+0.045493	+0.000000
+0.775000	+0.068505	+0.045493	+0.000000
+0.776000	+0.068549	+0.043804	+0.000000
+0.777000	+0.068593	+0.043804	+0.000000
+0.778000	+0.068637	+0.043804	+0.000000
+0.779000	+0.068681	+0.043804	+0.000000
+0.780000	+0.068724	+0.043804	+0.000000
+0.781000	+0.068768	+0.043804	+0.000000
+0.782000	+0.068812	+0.043804	+0.000000
+0.783000	+0.068856	+0.043804	+0.000000
+0.784000	+0.068900	+0.043804	+0.000000
+0.785000	+0.068943	+0.043804	+0.000000
+0.786000	+0.068987	+0.043804	+0.000000
+0.787000	+0.069031	+0.043804	+0.000000
+0.788000	+0.069075	+0.043804	+0.000000
+0.789000	+0.069119	+0.043804	+0.000000
+0.790000	+0.069162	+0.043804	+0.000000
+0.791000	+0.069206	+0.043804	+0.000000
+0.792000	+0.069250	+0.043804	+0.000000
+0.793000	+0.069294	+0.043804	+0.000000
+0.794000	+0.069338	+0.043804	+0.000000
+0.795000	+0.069381	+0.043804	+0.000000
+0.796000	+0.069425	+0.043804	+0.000000
+0.797000	+0.069469	+0.043804	+0.000000
+0.798000	+0.069513	+0.043804	+0.000000
+0.799000	+0.069557	+0.043804	+0.000000
+0.800000	+0.069600	+0.043804	+0.000000
+0.801000	+0.069637	+0.036444	+0.000000
+0.802000	+0.069673	+0.036444	+0.000000
+0.803000	+0.069710	+0.036444	+0.000000
+0.804000	+0.069746	+0.036444	+0.000000
+0.805000	+0.069783	+0.036444	+0.000000
+0.806000	+0.069819	+0.036444	+0.000000
+0.807000	+0.069856	+0.036444	+0.000000
+0.808000	+0.069892	+0.036444	+0.000000
+0.809000	+0.069928	+0.036444	+0.000000
+0.810000	+0.069965	+0.036444	+0.000000
+0.811000	+0.070001	+0.036444	+0.000000
+0.812000	+0.070038	+0.036444	+0.000000
+0.813000	+0.070074	+0.036444	+0.000000
+0.814000	+0.070111	+0.036444	+0.000000
+0.815000	+0.070147	+0.036444	+0.000000
+0.816000	+0.070184	+0.036444	+0.000000
+0.817000	+0.070220	+0.036444	+0.000000
+0.818000	+0.070256	+0.036444	+0.000000
+0.819000	+0.070293	+0.036444	+0.000000
+0.820000	+0.070329	+0.036444	+0.000000
+0.821000	+0.070366	+0.036444	+0.000000
+0.822000	+0.070402	+0.036444	+0.000000
+0.823000	+0.070439	+0.036444	+0.000000
+0.824000	+0.070475	+0.036444	+0.000000
+0.825000	+0.070512	+0.036444	+0.000000
+0.826000	+0.070547	+0.035683	+0.000000
+0.827000	+0.070583	+0.035683	+0.000000
+0.828000	+0.070619	+0.035683	+0.000000
+0.829000	+0.070654	+0.035683	+0.000000
+0.830000	+0.070690	+0.035683	+0.000000
+0.831000	+0.070726	+0.035683	+0.000000
+0.832000	+0.070761	+0.035683	+0.000000
+0.833000	+0.070797	+0.035683	+0.000000
+0.834000	+0.070833	+0.035683	+0.000000
+0.835000	+0.070868	+0.035683	+0.000000
+0.836000	+0.070904	+0.035683	+0.000000
+0.837000	+0.070940	+0.035683	+0.000000
+0.838000	+0.070975	+0.035683	+0.000000
+0.839000	+0.071011	+0.035683	+0.000000
+0.840000	+0.071047	+0.035683	+0.000000
+0.841000	+0.071082	+0.035683	+0.000000
+0.842000	+0.071118	+0.035683	+0.000000
+0.843000	+0.071154	+0.035683	+0.000000
+0.844000	+0.071190	+0.035683	+0.000000
+0.845000	+0.071225	+0.035683	+0.000000
+0.846000	+0.071261	+0.035683	+0.000000
+0.847000	+0.071297	+0.035683	+0.000000
+0.848000	+0.071332	+0.035683	+0.000000
+0.849000	+0.071368	+0.035683	+0.000000
+0.850000	+0.071404	+0.035683	+0.000000
+0.851000	+0.071432	+0.028568	+0.000000
+0.852000	+0.071461	+0.028568	+0.000000
+0.853000	+0.071489	+0.028568	+0.000000
+0.854000	+0.071518	+0.028568	+0.000000
+0.855000	+0.071546	+0.028568	+0.000000
+0.856000	+0.071575	+0.028568	+0.000000
+0.857000	+0.071604	+0.028568	+0.000000
+0.858000	+0.071632	+0.028568	+0.000000
+0.859000	+0.071661	+0.028568	+0.000000
+0.860000	+0.071689	+0.028568	+0.000000
+0.861000	+0.071718	+0.028568	+0.000000
+0.862000	+0.071746	+0.028568	+0.000000
+0.863000	+0.071775	+0.028568	+0.000000
+0.864000	+0.071804	+0.028568	+0.000000
+0.865000	+0.071832	+0.028568	+0.000000
+0.866000	+0.071861	+0.028568	+0.000000
+0.867000	+0.071889	+0.028568	+0.000000
+0.868000	+0.071918	+0.028568	+0.000000
+0.869000	+0.071946	+0.028568	+0.000000
+0.870000	+0.071975	+0.028568	+0.000000
+0.871000	+0.072004	+0.028568	+0.000000
+0.872000	+0.072032	+0.028568	+0.000000
+0.873000	+0.072061	+0.028568	+0.000000
+0.874000	+0.072089	+0.028568	+0.000000
+0.875000	+0.072118	+0.028568	+0.000000
+0.876000	+0.072142	+0.023847	+0.000000
+0.877000	+0.072166	+0.023847	+0.000000
+0.878000	+0.072189	+0.023847	+0.000000
+0.879000	+0.072213	+0.023847	+0.000000
+0.880000	+0.072237	+0.023847	+0.000000
+0.881000	+0.072261	+0.023847	+0.000000
+0.882000	+0.072285	+0.023847	+0.000000
+0.883000	+0.072309	+0.023847	+0.000000
+0.884000	+0.072332	+0.023847	+0.000000
+0.885000	+0.072356	+0.023847	+0.000000
+0.886000	+0.072380	+0.023847	+0.000000
+0.887000	+0.072404	+0.023847	+0.000000
+0.888000	+0.072428	+0.023847	+0.000000
+0.889000	+0.072452	+0.023847	+0.000000
+0.890000	+0.072476	+0.023847	+0.000000
+0.891000	+0.072499	+0.023847	+0.000000
+0.892000	+0.072523	+0.023847	+0.000000
+0.893000	+0.072547	+0.023847	+0.000000
+0.894000	+0.072571	+0.023847	+0.000000
+0.895000	+0.072595	+0.023847	+0.000000
+0.896000	+0.072619	+0.023847	+0.000000
+0.897000	+0.072642	+0.023847	+0.000000
+0.898000	+0.072666	+0.023847	+0.000000
+0.899000	+0.072690	+0.023847	+0.000000
+0.900000	+0.072714	+0.023847	+0.000000
+0.901000	+0.072733	+0.018986	+0.000000
+0.902000	+0.072752	+0.018986	+0.000000
+0.903000	+0.072771	+0.018986	+0.000000
+0.904000	+0.072790	+0.018986	+0.000000
+0.905000	+0.072809	+0.018986	+0.000000
+0.906000	+0.072828	+0.018986	+0.000000
+0.907000	+0.072847	+0.018986	+0.000000
+0.908000	+0.072866	+0.018986	+0.000000
+0.909000	+0.072885	+0.018986	+0.000000
+0.910000	+0.072904	+0.018986	+0.000000
+0.911000	+0.072923	+0.018986	+0.000000
+0.912000	+0.072942	+0.018986	+0.000000
+0.913000	+0.072961	+0.018986	+0.000000
+0.914000	+0.072980	+0.018986	+0.000000
+0.915000	+0.072999	+0.018986	+0.000000
+0.916000	+0.073018	+0.018986	+0.000000
+0.917000	+0.073037	+0.018986	+0.000000
+0.918000	+0.073056	+0.018986	+0.000000
+0.919000	+0.073075	+0.018986	+0.000000
+0.920000	+0.073094	+0.018986	+0.000000
+0.921000	+0.073113	+0.018986	+0.000000
+0.922000	+0.073132	+0.018986	+0.000000
+0.923000	+0.073151	+0.018986	+0.000000
+0.924000	+0.073170	+0.018986	+0.000000
+0.925000	+0.073189	+0.018986	+0.000000
+0.926000	+0.073200	+0.011192	+0.000000
+0.927000	+0.073211	+0.011192	+0.000000
+0.928000	+0.073222	+0.011192	+0.000000
+0.929000	+0.073233	+0.011192	+0.000000
+0.930000	+0.073245	+0.011192	+0.000000
+0.931000	+0.073256	+0.011192	+0.000000
+0.932000	+0.073267	+0.011192	+0.000000
+0.933000	+0.073278	+0.011192	+0.000000
+0.934000	+0.073289	+0.011192	+0.000000
+0.935000	+0.073301	+0.011192	+0.000000
+0.936000	+0.073312	+0.011192	+0.000000
+0.937000	+0.073323	+0.011192	+0.000000
+0.938000	+0.073334	+0.011192	+0.000000
+0.939000	+0.073345	+0.011192	+0.000000
+0.940000	+0.073357	+0.011192	+0.000000
+0.941000	+0.073368	+0.011192	+0.000000
+0.942000	+0.073379	+0.011192	+0.000000
+0.943000	+0.073390	+0.011192	+0.000000
+0.944000	+0.073401	+0.011192	+0.000000
+0.945000	+0.073412	+0.011192	+0.000000
+0.946000	+0.073424	+0.011192	+0.000000
+0.947000	+0.073435	+0.011192	+0.000000
+0.948000	+0.073446	+0.011192	+0.000000
+0.949000	+0.073457	+0.011192	+0.000000
+0.950000	+0.073468	+0.011192	+0.000000
+0.951000	+0.073479	+0.010253	+0.000000
+0.952000	+0.073489	+0.010253	+0.000000
+0.953000	+0.073499	+0.010253	+0.000000
+0.954000	+0.073509	+0.010253	+0.000000
+0.955000	+0.073520	+0.010253	+0.000000
+0.956000	+0.073530	+0.010253	+0.000000
+0.957000	+0.073540	+0.010253	+0.000000
+0.958000	+0.073550	+0.010253	+0.000000
+0.959000	+0.073561	+0.010253	+0.000000
+0.960000	+0.073571	+0.010253	+0.000000
+0.961000	+0.073581	+0.010253	+0.000000
+0.962000	+0.073591	+0.010253	+0.000000
+0.963000	+0.073602	+0.010253	+0.000000
+0.964000	+0.073612	+0.010253	+0.000000
+0.965000	+0.073622	+0.010253	+0.000000
+0.966000	+0.073632	+0.010253	+0.000000
+0.967000	+0.073643	+0.010253	+0.000000
+0.968000	+0.073653	+0.010253	+0.000000
+0.969000	+0.073663	+0.010253	+0.000000
+0.970000	+0.073673	+0.010253	+0.000000
+0.971000	+0.073684	+0.010253	+0.000000
+0.972000	+0.073694	+0.010253	+0.000000
+0.973000	+0.073704	+0.010253	+0.000000
+0.974000	+0.073714	+0.010253	+0.000000
+0.975000	+0.073725	+0.010253	+0.000000
+0.976000	+0.073726	+0.001171	+0.000000
+0.977000	+0.073727	+0.001171	+0.000000
+0.978000	+0.073728	+0.001171	+0.000000
+0.979000	+0.073729	+0.001171	+0.000000
+0.980000	+0.073731	+0.001171	+0.000000
+0.981000	+0.073732	+0.001171	+0.000000
+0.982000	+0.073733	+0.001171	+0.000000
+0.983000	+0.073734	+0.001171	+0.000000
+0.984000	+0.073735	+0.001171	+0.000000
+0.985000	+0.073736	+0.001171	+0.000000
+0.986000	+0.073738	+0.001171	+0.000000
+0.987000	+0.073739	+0.001171	+0.000000
+0.988000	+0.073740	+0.001171	+0.000000
+0.989000	+0.073741	+0.001171	+0.000000
+0.990000	+0.073742	+0.001171	+0.000000
+0.991000	+0.073743	+0.001171	+0.000000
+0.992000	+0.073745	+0.001171	+0.000000
+0.993000	+0.073746	+0.001171	+0.000000
+0.994000	+0.073747	+0.001171	+0.000000
+0.995000	+0.073748	+0.001171	+0.000000
+0.996000	+0.073749	+0.001171	+0.000000
+0.997000	+0.073751	+0.001171	+0.000000
+0.998000	+0.073752	+0.001171	+0.000000
+0.999000	+0.073753	+0.001171	+0.000000
+1.000000	+0.073754	+0.001171	+0.000000
