a=	-1.000000	b=	+1.000000	n=	+80	h=	+0.025000
x	g(x)	g'(x)	g''(x)
-1.000000	-0.578887	-1.229726	+0.000000
-0.999000	-0.580117	-1.229726	+0.000000
-0.998000	-0.581346	-1.229726	+0.000000
-0.997000	-0.582576	-1.229726	+0.000000
-0.996000	-0.583806	-1.229726	+0.000000
-0.995000	-0.585036	-1.229726	+0.000000
-0.994000	-0.586265	-1.229726	+0.000000
-0.993000	-0.587495	-1.229726	+0.000000
-0.992000	-0.588725	-1.229726	+0.000000
-0.991000	-0.589954	-1.229726	+0.000000
-0.990000	-0.591184	-1.229726	+0.000000
-0.989000	-0.592414	-1.229726	+0.000000
-0.988000	-0.593644	-1.229726	+0.000000
-0.987000	-0.594873	-1.229726	+0.000000
-0.986000	-0.596103	-1.229726	+0.000000
-0.985000	-0.597333	-1.229726	+0.000000
-0.984000	-0.598563	-1.229726	+0.000000
-0.983000	-0.599792	-1.229726	+0.000000
-0.982000	-0.601022	-1.229726	+0.000000
-0.981000	-0.602252	-1.229726	+0.000000
-0.980000	-0.603481	-1.229726	+0.000000
-0.979000	-0.604711	-1.229726	+0.000000
-0.978000	-0.605941	-1.229726	+0.000000
-0.977000	-0.607171	-1.229726	+0.000000
-0.976000	-0.608400	-1.229726	+0.000000
-0.975000	-0.609630	-1.229726	+0.000000
-0.974000	-0.607591	+2.038797	+0.000000
-0.973000	-0.605552	+2.038797	+0.000000
-0.972000	-0.603514	+2.038797	+0.000000
-0.971000	-0.601475	+2.038797	+0.000000
-0.970000	-0.599436	+2.038797	+0.000000
-0.969000	-0.597397	+2.038797	+0.000000
-0.968000	-0.595359	+2.038797	+0.000000
-0.967000	-0.593320	+2.038797	+0.000000
-0.966000	-0.591281	+2.038797	+0.000000
-0.965000	-0.589242	+2.038797	+0.000000
-0.964000	-0.587203	+2.038797	+0.000000
-0.963000	-0.585165	+2.038797	+0.000000
-0.962000	-0.583126	+2.038797	+0.000000
-0.961000	-0.581087	+2.038797	+0.000000
-0.960000	-0.579048	+2.038797	+0.000000
-0.959000	-0.577009	+2.038797	+0.000000
-0.958000	-0.574971	+2.038797	+0.000000
-0.957000	-0.572932	+2.038797	+0.000000
-0.956000	-0.570893	+2.038797	+0.000000
-0.955000	-0.568854	+2.038797	+0.000000
-0.954000	-0.566815	+2.038797	+0.000000
-0.953000	-0.564777	+2.038797	+0.000000
-0.952000	-0.562738	+2.038797	+0.000000
-0.951000	-0.560699	+2.038797	+0.000000
-0.950000	-0.558660	+2.038797	+0.000000
-0.949000	-0.560151	-1.490548	+0.000000
-0.948000	-0.561641	-1.490548	+0.000000
-0.947000	-0.563132	-1.490548	+0.000000
-0.946000	-0.564622	-1.490548	+0.000000
-0.945000	-0.566113	-1.490548	+0.000000
-0.944000	-0.567603	-1.490548	+0.000000
-0.943000	-0.569094	-1.490548	+0.000000
-0.942000	-0.570585	-1.490548	+0.000000
-0.941000	-0.572075	-1.490548	+0.000000
-0.940000	-0.573566	-1.490548	+0.000000
-0.939000	-0.575056	-1.490548	+0.000000
-0.938000	-0.576547	-1.490548	+0.000000
-0.937000	-0.578037	-1.490548	+0.000000
-0.936000	-0.579528	-1.490548	+0.000000
-0.935000	-0.581018	-1.490548	+0.000000
-0.934000	-0.582509	-1.490548	+0.000000
-0.933000	-0.583999	-1.490548	+0.000000
-0.932000	-0.585490	-1.490548	+0.000000
-0.931000	-0.586981	-1.490548	+0.000000
-0.930000	-0.588471	-1.490548	+0.000000
-0.929000	-0.589962	-1.490548	+0.000000
-0.928000	-0.591452	-1.490548	+0.000000
-0.927000	-0.592943	-1.490548	+0.000000
-0.926000	-0.594433	-1.490548	+0.000000
-0.925000	-0.595924	-1.490548	+0.000000
-0.924000	-0.595175	+0.749066	+0.000000
-0.923000	-0.594426	+0.749066	+0.000000
-0.922000	-0.593677	+0.749066	+0.000000
-0.921000	-0.592928	+0.749066	+0.000000
-0.920000	-0.592179	+0.749066	+0.000000
-0.919000	-0.591429	+0.749066	+0.000000
-0.918000	-0.590680	+0.749066	+0.000000
-0.917000	-0.589931	+0.749066	+0.000000
-0.916000	-0.589182	+0.749066	+0.000000
-0.915000	-0.588433	+0.749066	+0.000000
-0.914000	-0.587684	+0.749066	+0.000000
-0.913000	-0.586935	+0.749066	+0.000000
-0.912000	-0.586186	+0.749066	+0.000000
-0.911000	-0.585437	+0.749066	+0.000000
-0.910000	-0.584688	+0.749066	+0.000000
-0.909000	-0.583939	+0.749066	+0.000000
-0.908000	-0.583190	+0.749066	+0.000000
-0.907000	-0.582441	+0.749066	+0.000000
-0.906000	-0.581692	+0.749066	+0.000000
-0.905000	-0.580943	+0.749066	+0.000000
-0.904000	-0.580193	+0.749066	+0.000000
-0.903000	-0.579444	+0.749066	+0.000000
-0.902000	-0.578695	+0.749066	+0.000000
-0.901000	-0.577946	+0.749066	+0.000000
-0.900000	-0.577197	+0.749066	+0.000000
-0.899000	-0.576658	+0.539409	+0.000000
-0.898000	-0.576118	+0.539409	+0.000000
-0.897000	-0.575579	+0.539409	+0.000000
-0.896000	-0.575040	+0.539409	+0.000000
-0.895000	-0.574500	+0.539409	+0.000000
-0.894000	-0.573961	+0.539409	+0.000000
-0.893000	-0.573421	+0.539409	+0.000000
-0.892000	-0.572882	+0.539409	+0.000000
-0.891000	-0.572343	+0.539409	+0.000000
-0.890000	-0.571803	+0.539409	+0.000000
-0.889000	-0.571264	+0.539409	+0.000000
-0.888000	-0.570724	+0.539409	+0.000000
-0.887000	-0.570185	+0.539409	+0.000000
-0.886000	-0.569645	+0.539409	+0.000000
-0.885000	-0.569106	+0.539409	+0.000000
-0.884000	-0.568567	+0.539409	+0.000000
-0.883000	-0.568027	+0.539409	+0.000000
-0.882000	-0.567488	+0.539409	+0.000000
-0.881000	-0.566948	+0.539409	+0.000000
-0.880000	-0.566409	+0.539409	+0.000000
-0.879000	-0.565870	+0.539409	+0.000000
-0.878000	-0.565330	+0.539409	+0.000000
-0.877000	-0.564791	+0.539409	+0.000000
-0.876000	-0.564251	+0.539409	+0.000000
-0.875000	-0.563712	+0.539409	+0.000000
-0.874000	-0.563390	+0.321994	+0.000000
-0.873000	-0.563068	+0.321994	+0.000000
-0.872000	-0.562746	+0.321994	+0.000000
-0.871000	-0.562424	+0.321994	+0.000000
-0.870000	-0.562102	+0.321994	+0.000000
-0.869000	-0.561780	+0.321994	+0.000000
-0.868000	-0.561458	+0.321994	+0.000000
-0.867000	-0.561136	+0.321994	+0.000000
-0.866000	-0.560814	+0.321994	+0.000000
-0.865000	-0.560492	+0.321994	+0.000000
-0.864000	-0.560170	+0.321994	+0.000000
-0.863000	-0.559848	+0.321994	+0.000000
-0.862000	-0.559526	+0.321994	+0.000000
-0.861000	-0.559204	+0.321994	+0.000000
-0.860000	-0.558882	+0.321994	+0.000000
-0.859000	-0.558560	+0.321994	+0.000000
-0.858000	-0.558238	+0.321994	+0.000000
-0.857000	-0.557916	+0.321994	+0.000000
-0.856000	-0.557594	+0.321994	+0.000000
-0.855000	-0.557272	+0.321994	+0.000000
-0.854000	-0.556950	+0.321994	+0.000000
-0.853000	-0.556628	+0.321994	+0.000000
-0.852000	-0.556306	+0.321994	+0.000000
-0.851000	-0.555984	+0.321994	+0.000000
-0.850000	-0.555662	+0.321994	+0.000000
-0.849000	-0.553359	+2.302805	+0.000000
-0.848000	-0.551057	+2.302805	+0.000000
-0.847000	-0.548754	+2.302805	+0.000000
-0.846000	-0.546451	+2.302805	+0.000000
-0.845000	-0.544148	+2.302805	+0.000000
-0.844000	-0.541845	+2.302805	+0.000000
-0.843000	-0.539543	+2.302805	+0.000000
-0.842000	-0.537240	+2.302805	+0.000000
-0.841000	-0.534937	+2.302805	+0.000000
-0.840000	-0.532634	+2.302805	+0.000000
-0.839000	-0.530331	+2.302805	+0.000000
-0.838000	-0.528028	+2.302805	+0.000000
-0.837000	-0.525726	+2.302805	+0.000000
-0.836000	-0.523423	+2.302805	+0.000000
-0.835000	-0.521120	+2.302805	+0.000000
-0.834000	-0.518817	+2.302805	+0.000000
-0.833000	-0.516514	+2.302805	+0.000000
-0.832000	-0.514212	+2.302805	+0.000000
-0.831000	-0.511909	+2.302805	+0.000000
-0.830000	-0.509606	+2.302805	+0.000000
-0.829000	-0.507303	+2.302805	+0.000000
-0.828000	-0.505000	+2.302805	+0.000000
-0.827000	-0.502698	+2.302805	+0.000000
-0.826000	-0.500395	+2.302805	+0.000000
-0.825000	-0.498092	+2.302805	+0.000000
-0.824000	-0.498960	-0.867594	+0.000000
-0.823000	-0.499827	-0.867594	+0.000000
-0.822000	-0.500695	-0.867594	+0.000000
-0.821000	-0.501562	-0.867594	+0.000000
-0.820000	-0.502430	-0.867594	+0.000000
-0.819000	-0.503298	-0.867594	+0.000000
-0.818000	-0.504165	-0.867594	+0.000000
-0.817000	-0.505033	-0.867594	+0.000000
-0.816000	-0.505900	-0.867594	+0.000000
-0.815000	-0.506768	-0.867594	+0.000000
-0.814000	-0.507636	-0.867594	+0.000000
-0.813000	-0.508503	-0.867594	+0.000000
-0.812000	-0.509371	-0.867594	+0.000000
-0.811000	-0.510238	-0.867594	+0.000000
-0.810000	-0.511106	-0.867594	+0.000000
-0.809000	-0.511974	-0.867594	+0.000000
-0.808000	-0.512841	-0.867594	+0.000000
-0.807000	-0.513709	-0.867594	+0.000000
-0.806000	-0.514576	-0.867594	+0.000000
-0.805000	-0.515444	-0.867594	+0.000000
-0.804000	-0.516312	-0.867594	+0.000000
-0.803000	-0.517179	-0.867594	+0.000000
-0.802000	-0.518047	-0.867594	+0.000000
-0.801000	-0.518914	-0.867594	+0.000000
-0.800000	-0.519782	-0.867594	+0.000000
-0.799000	-0.518143	+1.638838	+0.000000
-0.798000	-0.516504	+1.638838	+0.000000
-0.797000	-0.514865	+1.638838	+0.000000
-0.796000	-0.513227	+1.638838	+0.000000
-0.795000	-0.511588	+1.638838	+0.000000
-0.794000	-0.509949	+1.638838	+0.000000
-0.793000	-0.508310	+1.638838	+0.000000
-0.792000	-0.506671	+1.638838	+0.000000
-0.791000	-0.505032	+1.638838	+0.000000
-0.790000	-0.503393	+1.638838	+0.000000
-0.789000	-0.501755	+1.638838	+0.000000
-0.788000	-0.500116	+1.638838	+0.000000
-0.787000	-0.498477	+1.638838	+0.000000
-0.786000	-0.496838	+1.638838	+0.000000
-0.785000	-0.495199	+1.638838	+0.000000
-0.784000	-0.493560	+1.638838	+0.000000
-0.783000	-0.491922	+1.638838	+0.000000
-0.782000	-0.490283	+1.638838	+0.000000
-0.781000	-0.488644	+1.638838	+0.000000
-0.780000	-0.487005	+1.638838	+0.000000
-0.779000	-0.485366	+1.638838	+0.000000
-0.778000	-0.483727	+1.638838	+0.000000
-0.777000	-0.482089	+1.638838	+0.000000
-0.776000	-0.480450	+1.638838	+0.000000
-0.775000	-0.478811	+1.638838	+0.000000
-0.774000	-0.479360	-0.548812	+0.000000
-0.773000	-0.479909	-0.548812	+0.000000
-0.772000	-0.480457	-0.548812	+0.000000
-0.771000	-0.481006	-0.548812	+0.000000
-0.770000	-0.481555	-0.548812	+0.000000
-0.769000	-0.482104	-0.548812	+0.000000
-0.768000	-0.482653	-0.548812	+0.000000
-0.767000	-0.483201	-0.548812	+0.000000
-0.766000	-0.483750	-0.548812	+0.000000
-0.765000	-0.484299	-0.548812	+0.000000
-0.764000	-0.484848	-0.548812	+0.000000
-0.763000	-0.485397	-0.548812	+0.000000
-0.762000	-0.485945	-0.548812	+0.000000
-0.761000	-0.486494	-0.548812	+0.000000
-0.760000	-0.487043	-0.548812	+0.000000
-0.759000	-0.487592	-0.548812	+0.000000
-0.758000	-0.488141	-0.548812	+0.000000
-0.757000	-0.488690	-0.548812	+0.000000
-0.756000	-0.489238	-0.548812	+0.000000
-0.755000	-0.489787	-0.548812	+0.000000
-0.754000	-0.490336	-0.548812	+0.000000
-0.753000	-0.490885	-0.548812	+0.000000
-0.752000	-0.491434	-0.548812	+0.000000
-0.751000	-0.491982	-0.548812	+0.000000
-0.750000	-0.492531	-0.548812	+0.000000
-0.749000	-0.491767	+0.764250	+0.000000
-0.748000	-0.491003	+0.764250	+0.000000
-0.747000	-0.490238	+0.764250	+0.000000
-0.746000	-0.489474	+0.764250	+0.000000
-0.745000	-0.488710	+0.764250	+0.000000
-0.744000	-0.487946	+0.764250	+0.000000
-0.743000	-0.487181	+0.764250	+0.000000
-0.742000	-0.486417	+0.764250	+0.000000
-0.741000	-0.485653	+0.764250	+0.000000
-0.740000	-0.484889	+0.764250	+0.000000
-0.739000	-0.484124	+0.764250	+0.000000
-0.738000	-0.483360	+0.764250	+0.000000
-0.737000	-0.482596	+0.764250	+0.000000
-0.736000	-0.481832	+0.764250	+0.000000
-0.735000	-0.481067	+0.764250	+0.000000
-0.734000	-0.480303	+0.764250	+0.000000
-0.733000	-0.479539	+0.764250	+0.000000
-0.732000	-0.478775	+0.764250	+0.000000
-0.731000	-0.478010	+0.764250	+0.000000
-0.730000	-0.477246	+0.764250	+0.000000
-0.729000	-0.476482	+0.764250	+0.000000
-0.728000	-0.475718	+0.764250	+0.000000
-0.727000	-0.474953	+0.764250	+0.000000
-0.726000	-0.474189	+0.764250	+0.000000
-0.725000	-0.473425	+0.764250	+0.000000
-0.724000	-0.472260	+1.165242	+0.000000
-0.723000	-0.471094	+1.165242	+0.000000
-0.722000	-0.469929	+1.165242	+0.000000
-0.721000	-0.468764	+1.165242	+0.000000
-0.720000	-0.467599	+1.165242	+0.000000
-0.719000	-0.466434	+1.165242	+0.000000
-0.718000	-0.465268	+1.165242	+0.000000
-0.717000	-0.464103	+1.165242	+0.000000
-0.716000	-0.462938	+1.165242	+0.000000
-0.715000	-0.461773	+1.165242	+0.000000
-0.714000	-0.460607	+1.165242	+0.000000
-0.713000	-0.459442	+1.165242	+0.000000
-0.712000	-0.458277	+1.165242	+0.000000
-0.711000	-0.457112	+1.165242	+0.000000
-0.710000	-0.455946	+1.165242	+0.000000
-0.709000	-0.454781	+1.165242	+0.000000
-0.708000	-0.453616	+1.165242	+0.000000
-0.707000	-0.452451	+1.165242	+0.000000
-0.706000	-0.451285	+1.165242	+0.000000
-0.705000	-0.450120	+1.165242	+0.000000
-0.704000	-0.448955	+1.165242	+0.000000
-0.703000	-0.447790	+1.165242	+0.000000
-0.702000	-0.446624	+1.165242	+0.000000
-0.701000	-0.445459	+1.165242	+0.000000
-0.700000	-0.444294	+1.165242	+0.000000
-0.699000	-0.443934	+0.359975	+0.000000
-0.698000	-0.443574	+0.359975	+0.000000
-0.697000	-0.443214	+0.359975	+0.000000
-0.696000	-0.442854	+0.359975	+0.000000
-0.695000	-0.442494	+0.359975	+0.000000
-0.694000	-0.442134	+0.359975	+0.000000
-0.693000	-0.441774	+0.359975	+0.000000
-0.692000	-0.441414	+0.359975	+0.000000
-0.691000	-0.441054	+0.359975	+0.000000
-0.690000	-0.440694	+0.359975	+0.000000
-0.689000	-0.440334	+0.359975	+0.000000
-0.688000	-0.439974	+0.359975	+0.000000
-0.687000	-0.439614	+0.359975	+0.000000
-0.686000	-0.439254	+0.359975	+0.000000
-0.685000	-0.438894	+0.359975	+0.000000
-0.684000	-0.438534	+0.359975	+0.000000
-0.683000	-0.438174	+0.359975	+0.000000
-0.682000	-0.437814	+0.359975	+0.000000
-0.681000	-0.437454	+0.359975	+0.000000
-0.680000	-0.437094	+0.359975	+0.000000
-0.679000	-0.436734	+0.359975	+0.000000
-0.678000	-0.436374	+0.359975	+0.000000
-0.677000	-0.436014	+0.359975	+0.000000
-0.676000	-0.435655	+0.359975	+0.000000
-0.675000	-0.435295	+0.359975	+0.000000
-0.674000	-0.433028	+2.266802	+0.000000
-0.673000	-0.430761	+2.266802	+0.000000
-0.672000	-0.428494	+2.266802	+0.000000
-0.671000	-0.426227	+2.266802	+0.000000
-0.670000	-0.423961	+2.266802	+0.000000
-0.669000	-0.421694	+2.266802	+0.000000
-0.668000	-0.419427	+2.266802	+0.000000
-0.667000	-0.417160	+2.266802	+0.000000
-0.666000	-0.414893	+2.266802	+0.000000
-0.665000	-0.412627	+2.266802	+0.000000
-0.664000	-0.410360	+2.266802	+0.000000
-0.663000	-0.408093	+2.266802	+0.000000
-0.662000	-0.405826	+2.266802	+0.000000
-0.661000	-0.403559	+2.266802	+0.000000
-0.660000	-0.401293	+2.266802	+0.000000
-0.659000	-0.399026	+2.266802	+0.000000
-0.658000	-0.396759	+2.266802	+0.000000
-0.657000	-0.394492	+2.266802	+0.000000
-0.656000	-0.392225	+2.266802	+0.000000
-0.655000	-0.389958	+2.266802	+0.000000
-0.654000	-0.387692	+2.266802	+0.000000
-0.653000	-0.385425	+2.266802	+0.000000
-0.652000	-0.383158	+2.266802	+0.000000
-0.651000	-0.380891	+2.266802	+0.000000
-0.650000	-0.378624	+2.266802	+0.000000
-0.649000	-0.379503	-0.878828	+0.000000
-0.648000	-0.380382	-0.878828	+0.000000
-0.647000	-0.381261	-0.878828	+0.000000
-0.646000	-0.382140	-0.878828	+0.000000
-0.645000	-0.383019	-0.878828	+0.000000
-0.644000	-0.383897	-0.878828	+0.000000
-0.643000	-0.384776	-0.878828	+0.000000
-0.642000	-0.385655	-0.878828	+0.000000
-0.641000	-0.386534	-0.878828	+0.000000
-0.640000	-0.387413	-0.878828	+0.000000
-0.639000	-0.388292	-0.878828	+0.000000
-0.638000	-0.389170	-0.878828	+0.000000
-0.637000	-0.390049	-0.878828	+0.000000
-0.636000	-0.390928	-0.878828	+0.000000
-0.635000	-0.391807	-0.878828	+0.000000
-0.634000	-0.392686	-0.878828	+0.000000
-0.633000	-0.393565	-0.878828	+0.000000
-0.632000	-0.394443	-0.878828	+0.000000
-0.631000	-0.395322	-0.878828	+0.000000
-0.630000	-0.396201	-0.878828	+0.000000
-0.629000	-0.397080	-0.878828	+0.000000
-0.628000	-0.397959	-0.878828	+0.000000
-0.627000	-0.398838	-0.878828	+0.000000
-0.626000	-0.399716	-0.878828	+0.000000
-0.625000	-0.400595	-0.878828	+0.000000
-0.624000	-0.399565	+1.030266	+0.000000
-0.623000	-0.398535	+1.030266	+0.000000
-0.622000	-0.397504	+1.030266	+0.000000
-0.621000	-0.396474	+1.030266	+0.000000
-0.620000	-0.395444	+1.030266	+0.000000
-0.619000	-0.394414	+1.030266	+0.000000
-0.618000	-0.393383	+1.030266	+0.000000
-0.617000	-0.392353	+1.030266	+0.000000
-0.616000	-0.391323	+1.030266	+0.000000
-0.615000	-0.390293	+1.030266	+0.000000
-0.614000	-0.389262	+1.030266	+0.000000
-0.613000	-0.388232	+1.030266	+0.000000
-0.612000	-0.387202	+1.030266	+0.000000
-0.611000	-0.386171	+1.030266	+0.000000
-0.610000	-0.385141	+1.030266	+0.000000
-0.609000	-0.384111	+1.030266	+0.000000
-0.608000	-0.383081	+1.030266	+0.000000
-0.607000	-0.382050	+1.030266	+0.000000
-0.606000	-0.381020	+1.030266	+0.000000
-0.605000	-0.379990	+1.030266	+0.000000
-0.604000	-0.378960	+1.030266	+0.000000
-0.603000	-0.377929	+1.030266	+0.000000
-0.602000	-0.376899	+1.030266	+0.000000
-0.601000	-0.375869	+1.030266	+0.000000
-0.600000	-0.374839	+1.030266	+0.000000
-0.599000	-0.374872	-0.033595	+0.000000
-0.598000	-0.374906	-0.033595	+0.000000
-0.597000	-0.374939	-0.033595	+0.000000
-0.596000	-0.374973	-0.033595	+0.000000
-0.595000	-0.375007	-0.033595	+0.000000
-0.594000	-0.375040	-0.033595	+0.000000
-0.593000	-0.375074	-0.033595	+0.000000
-0.592000	-0.375107	-0.033595	+0.000000
-0.591000	-0.375141	-0.033595	+0.000000
-0.590000	-0.375174	-0.033595	+0.000000
-0.589000	-0.375208	-0.033595	+0.000000
-0.588000	-0.375242	-0.033595	+0.000000
-0.587000	-0.375275	-0.033595	+0.000000
-0.586000	-0.375309	-0.033595	+0.000000
-0.585000	-0.375342	-0.033595	+0.000000
-0.584000	-0.375376	-0.033595	+0.000000
-0.583000	-0.375410	-0.033595	+0.000000
-0.582000	-0.375443	-0.033595	+0.000000
-0.581000	-0.375477	-0.033595	+0.000000
-0.580000	-0.375510	-0.033595	+0.000000
-0.579000	-0.375544	-0.033595	+0.000000
-0.578000	-0.375578	-0.033595	+0.000000
-0.577000	-0.375611	-0.033595	+0.000000
-0.576000	-0.375645	-0.033595	+0.000000
-0.575000	-0.375678	-0.033595	+0.000000
-0.574000	-0.375087	+0.591763	+0.000000
-0.573000	-0.374495	+0.591763	+0.000000
-0.572000	-0.373903	+0.591763	+0.000000
-0.571000	-0.373311	+0.591763	+0.000000
-0.570000	-0.372720	+0.591763	+0.000000
-0.569000	-0.372128	+0.591763	+0.000000
-0.568000	-0.371536	+0.591763	+0.000000
-0.567000	-0.370944	+0.591763	+0.000000
-0.566000	-0.370353	+0.591763	+0.000000
-0.565000	-0.369761	+0.591763	+0.000000
-0.564000	-0.369169	+0.591763	+0.000000
-0.563000	-0.368577	+0.591763	+0.000000
-0.562000	-0.367986	+0.591763	+0.000000
-0.561000	-0.367394	+0.591763	+0.000000
-0.560000	-0.366802	+0.591763	+0.000000
-0.559000	-0.366210	+0.591763	+0.000000
-0.558000	-0.365618	+0.591763	+0.000000
-0.557000	-0.365027	+0.591763	+0.000000
-0.556000	-0.364435	+0.591763	+0.000000
-0.555000	-0.363843	+0.591763	+0.000000
-0.554000	-0.363251	+0.591763	+0.000000
-0.553000	-0.362660	+0.591763	+0.000000
-0.552000	-0.362068	+0.591763	+0.000000
-0.551000	-0.361476	+0.591763	+0.000000
-0.550000	-0.360884	+0.591763	+0.000000
-0.549000	-0.359576	+1.308080	+0.000000
-0.548000	-0.358268	+1.308080	+0.000000
-0.547000	-0.356960	+1.308080	+0.000000
-0.546000	-0.355652	+1.308080	+0.000000
-0.545000	-0.354344	+1.308080	+0.000000
-0.544000	-0.353036	+1.308080	+0.000000
-0.543000	-0.351728	+1.308080	+0.000000
-0.542000	-0.350420	+1.308080	+0.000000
-0.541000	-0.349112	+1.308080	+0.000000
-0.540000	-0.347804	+1.308080	+0.000000
-0.539000	-0.346495	+1.308080	+0.000000
-0.538000	-0.345187	+1.308080	+0.000000
-0.537000	-0.343879	+1.308080	+0.000000
-0.536000	-0.342571	+1.308080	+0.000000
-0.535000	-0.341263	+1.308080	+0.000000
-0.534000	-0.339955	+1.308080	+0.000000
-0.533000	-0.338647	+1.308080	+0.000000
-0.532000	-0.337339	+1.308080	+0.000000
-0.531000	-0.336031	+1.308080	+0.000000
-0.530000	-0.334723	+1.308080	+0.000000
-0.529000	-0.333415	+1.308080	+0.000000
-0.528000	-0.332107	+1.308080	+0.000000
-0.527000	-0.330798	+1.308080	+0.000000
-0.526000	-0.329490	+1.308080	+0.000000
-0.525000	-0.328182	+1.308080	+0.000000
-0.524000	-0.327994	+0.188677	+0.000000
-0.523000	-0.327805	+0.188677	+0.000000
-0.522000	-0.327616	+0.188677	+0.000000
-0.521000	-0.327428	+0.188677	+0.000000
-0.520000	-0.327239	+0.188677	+0.000000
-0.519000	-0.327050	+0.188677	+0.000000
-0.518000	-0.326862	+0.188677	+0.000000
-0.517000	-0.326673	+0.188677	+0.000000
-0.516000	-0.326484	+0.188677	+0.000000
-0.515000	-0.326296	+0.188677	+0.000000
-0.514000	-0.326107	+0.188677	+0.000000
-0.513000	-0.325918	+0.188677	+0.000000
-0.512000	-0.325730	+0.188677	+0.000000
-0.511000	-0.325541	+0.188677	+0.000000
-0.510000	-0.325352	+0.188677	+0.000000
-0.509000	-0.325164	+0.188677	+0.000000
-0.508000	-0.324975	+0.188677	+0.000000
-0.507000	-0.324786	+0.188677	+0.000000
-0.506000	-0.324597	+0.188677	+0.000000
-0.505000	-0.324409	+0.188677	+0.000000
-0.504000	-0.324220	+0.188677	+0.000000
-0.503000	-0.324031	+0.188677	+0.000000
-0.502000	-0.323843	+0.188677	+0.000000
-0.501000	-0.323654	+0.188677	+0.000000
-0.500000	-0.323465	+0.188677	+0.000000
-0.499000	-0.321742	+1.723337	+0.000000
-0.498000	-0.320019	+1.723337	+0.000000
-0.497000	-0.318295	+1.723337	+0.000000
-0.496000	-0.316572	+1.723337	+0.000000
-0.495000	-0.314849	+1.723337	+0.000000
-0.494000	-0.313125	+1.723337	+0.000000
-0.493000	-0.311402	+1.723337	+0.000000
-0.492000	-0.309679	+1.723337	+0.000000
-0.491000	-0.307955	+1.723337	+0.000000
-0.490000	-0.306232	+1.723337	+0.000000
-0.489000	-0.304509	+1.723337	+0.000000
-0.488000	-0.302785	+1.723337	+0.000000
-0.487000	-0.301062	+1.723337	+0.000000
-0.486000	-0.299339	+1.723337	+0.000000
-0.485000	-0.297615	+1.723337	+0.000000
-0.484000	-0.295892	+1.723337	+0.000000
-0.483000	-0.294169	+1.723337	+0.000000
-0.482000	-0.292445	+1.723337	+0.000000
-0.481000	-0.290722	+1.723337	+0.000000
-0.480000	-0.288999	+1.723337	+0.000000
-0.479000	-0.287275	+1.723337	+0.000000
-0.478000	-0.285552	+1.723337	+0.000000
-0.477000	-0.283829	+1.723337	+0.000000
-0.476000	-0.282105	+1.723337	+0.000000
-0.475000	-0.280382	+1.723337	+0.000000
-0.474000	-0.280806	-0.423994	+0.000000
-0.473000	-0.281230	-0.423994	+0.000000
-0.472000	-0.281654	-0.423994	+0.000000
-0.471000	-0.282078	-0.423994	+0.000000
-0.470000	-0.282502	-0.423994	+0.000000
-0.469000	-0.282926	-0.423994	+0.000000
-0.468000	-0.283350	-0.423994	+0.000000
-0.467000	-0.283774	-0.423994	+0.000000
-0.466000	-0.284198	-0.423994	+0.000000
-0.465000	-0.284622	-0.423994	+0.000000
-0.464000	-0.285046	-0.423994	+0.000000
-0.463000	-0.285470	-0.423994	+0.000000
-0.462000	-0.285894	-0.423994	+0.000000
-0.461000	-0.286318	-0.423994	+0.000000
-0.460000	-0.286742	-0.423994	+0.000000
-0.459000	-0.287166	-0.423994	+0.000000
-0.458000	-0.287590	-0.423994	+0.000000
-0.457000	-0.288014	-0.423994	+0.000000
-0.456000	-0.288438	-0.423994	+0.000000
-0.455000	-0.288862	-0.423994	+0.000000
-0.454000	-0.289286	-0.423994	+0.000000
-0.453000	-0.289710	-0.423994	+0.000000
-0.452000	-0.290134	-0.423994	+0.000000
-0.451000	-0.290558	-0.423994	+0.000000
-0.450000	-0.290982	-0.423994	+0.000000
-0.449000	-0.290195	+0.786700	+0.000000
-0.448000	-0.289408	+0.786700	+0.000000
-0.447000	-0.288622	+0.786700	+0.000000
-0.446000	-0.287835	+0.786700	+0.000000
-0.445000	-0.287048	+0.786700	+0.000000
-0.444000	-0.286262	+0.786700	+0.000000
-0.443000	-0.285475	+0.786700	+0.000000
-0.442000	-0.284688	+0.786700	+0.000000
-0.441000	-0.283902	+0.786700	+0.000000
-0.440000	-0.283115	+0.786700	+0.000000
-0.439000	-0.282328	+0.786700	+0.000000
-0.438000	-0.281541	+0.786700	+0.000000
-0.437000	-0.280755	+0.786700	+0.000000
-0.436000	-0.279968	+0.786700	+0.000000
-0.435000	-0.279181	+0.786700	+0.000000
-0.434000	-0.278395	+0.786700	+0.000000
-0.433000	-0.277608	+0.786700	+0.000000
-0.432000	-0.276821	+0.786700	+0.000000
-0.431000	-0.276035	+0.786700	+0.000000
-0.430000	-0.275248	+0.786700	+0.000000
-0.429000	-0.274461	+0.786700	+0.000000
-0.428000	-0.273674	+0.786700	+0.000000
-0.427000	-0.272888	+0.786700	+0.000000
-0.426000	-0.272101	+0.786700	+0.000000
-0.425000	-0.271314	+0.786700	+0.000000
-0.424000	-0.270890	+0.424590	+0.000000
-0.423000	-0.270465	+0.424590	+0.000000
-0.422000	-0.270041	+0.424590	+0.000000
-0.421000	-0.269616	+0.424590	+0.000000
-0.420000	-0.269191	+0.424590	+0.000000
-0.419000	-0.268767	+0.424590	+0.000000
-0.418000	-0.268342	+0.424590	+0.000000
-0.417000	-0.267918	+0.424590	+0.000000
-0.416000	-0.267493	+0.424590	+0.000000
-0.415000	-0.267068	+0.424590	+0.000000
-0.414000	-0.266644	+0.424590	+0.000000
-0.413000	-0.266219	+0.424590	+0.000000
-0.412000	-0.265795	+0.424590	+0.000000
-0.411000	-0.265370	+0.424590	+0.000000
-0.410000	-0.264946	+0.424590	+0.000000
-0.409000	-0.264521	+0.424590	+0.000000
-0.408000	-0.264096	+0.424590	+0.000000
-0.407000	-0.263672	+0.424590	+0.000000
-0.406000	-0.263247	+0.424590	+0.000000
-0.405000	-0.262823	+0.424590	+0.000000
-0.404000	-0.262398	+0.424590	+0.000000
-0.403000	-0.261973	+0.424590	+0.000000
-0.402000	-0.261549	+0.424590	+0.000000
-0.401000	-0.261124	+0.424590	+0.000000
-0.400000	-0.260700	+0.424590	+0.000000
-0.399000	-0.260161	+0.538907	+0.000000
-0.398000	-0.259622	+0.538907	+0.000000
-0.397000	-0.259083	+0.538907	+0.000000
-0.396000	-0.258544	+0.538907	+0.000000
-0.395000	-0.258005	+0.538907	+0.000000
-0.394000	-0.257466	+0.538907	+0.000000
-0.393000	-0.256927	+0.538907	+0.000000
-0.392000	-0.256388	+0.538907	+0.000000
-0.391000	-0.255849	+0.538907	+0.000000
-0.390000	-0.255311	+0.538907	+0.000000
-0.389000	-0.254772	+0.538907	+0.000000
-0.388000	-0.254233	+0.538907	+0.000000
-0.387000	-0.253694	+0.538907	+0.000000
-0.386000	-0.253155	+0.538907	+0.000000
-0.385000	-0.252616	+0.538907	+0.000000
-0.384000	-0.252077	+0.538907	+0.000000
-0.383000	-0.251538	+0.538907	+0.000000
-0.382000	-0.250999	+0.538907	+0.000000
-0.381000	-0.250460	+0.538907	+0.000000
-0.380000	-0.249921	+0.538907	+0.000000
-0.379000	-0.249383	+0.538907	+0.000000
-0.378000	-0.248844	+0.538907	+0.000000
-0.377000	-0.248305	+0.538907	+0.000000
-0.376000	-0.247766	+0.538907	+0.000000
-0.375000	-0.247227	+0.538907	+0.000000
-0.374000	-0.245966	+1.260748	+0.000000
-0.373000	-0.244705	+1.260748	+0.000000
-0.372000	-0.243445	+1.260748	+0.000000
-0.371000	-0.242184	+1.260748	+0.000000
-0.370000	-0.240923	+1.260748	+0.000000
-0.369000	-0.239662	+1.260748	+0.000000
-0.368000	-0.238402	+1.260748	+0.000000
-0.367000	-0.237141	+1.260748	+0.000000
-0.366000	-0.235880	+1.260748	+0.000000
-0.365000	-0.234619	+1.260748	+0.000000
-0.364000	-0.233359	+1.260748	+0.000000
-0.363000	-0.232098	+1.260748	+0.000000
-0.362000	-0.230837	+1.260748	+0.000000
-0.361000	-0.229576	+1.260748	+0.000000
-0.360000	-0.228316	+1.260748	+0.000000
-0.359000	-0.227055	+1.260748	+0.000000
-0.358000	-0.225794	+1.260748	+0.000000
-0.357000	-0.224533	+1.260748	+0.000000
-0.356000	-0.223273	+1.260748	+0.000000
-0.355000	-0.222012	+1.260748	+0.000000
-0.354000	-0.220751	+1.260748	+0.000000
-0.353000	-0.219490	+1.260748	+0.000000
-0.352000	-0.218230	+1.260748	+0.000000
-0.351000	-0.216969	+1.260748	+0.000000
-0.350000	-0.215708	+1.260748	+0.000000
-0.349000	-0.215561	+0.146771	+0.000000
-0.348000	-0.215415	+0.146771	+0.000000
-0.347000	-0.215268	+0.146771	+0.000000
-0.346000	-0.215121	+0.146771	+0.000000
-0.345000	-0.214974	+0.146771	+0.000000
-0.344000	-0.214828	+0.146771	+0.000000
-0.343000	-0.214681	+0.146771	+0.000000
-0.342000	-0.214534	+0.146771	+0.000000
-0.341000	-0.214387	+0.146771	+0.000000
-0.340000	-0.214241	+0.146771	+0.000000
-0.339000	-0.214094	+0.146771	+0.000000
-0.338000	-0.213947	+0.146771	+0.000000
-0.337000	-0.213800	+0.146771	+0.000000
-0.336000	-0.213653	+0.146771	+0.000000
-0.335000	-0.213507	+0.146771	+0.000000
-0.334000	-0.213360	+0.146771	+0.000000
-0.333000	-0.213213	+0.146771	+0.000000
-0.332000	-0.213066	+0.146771	+0.000000
-0.331000	-0.212920	+0.146771	+0.000000
-0.330000	-0.212773	+0.146771	+0.000000
-0.329000	-0.212626	+0.146771	+0.000000
-0.328000	-0.212479	+0.146771	+0.000000
-0.327000	-0.212333	+0.146771	+0.000000
-0.326000	-0.212186	+0.146771	+0.000000
-0.325000	-0.212039	+0.146771	+0.000000
-0.324000	-0.210876	+1.162686	+0.000000
-0.323000	-0.209714	+1.162686	+0.000000
-0.322000	-0.208551	+1.162686	+0.000000
-0.321000	-0.207388	+1.162686	+0.000000
-0.320000	-0.206226	+1.162686	+0.000000
-0.319000	-0.205063	+1.162686	+0.000000
-0.318000	-0.203900	+1.162686	+0.000000
-0.317000	-0.202737	+1.162686	+0.000000
-0.316000	-0.201575	+1.162686	+0.000000
-0.315000	-0.200412	+1.162686	+0.000000
-0.314000	-0.199249	+1.162686	+0.000000
-0.313000	-0.198087	+1.162686	+0.000000
-0.312000	-0.196924	+1.162686	+0.000000
-0.311000	-0.195761	+1.162686	+0.000000
-0.310000	-0.194599	+1.162686	+0.000000
-0.309000	-0.193436	+1.162686	+0.000000
-0.308000	-0.192273	+1.162686	+0.000000
-0.307000	-0.191111	+1.162686	+0.000000
-0.306000	-0.189948	+1.162686	+0.000000
-0.305000	-0.188785	+1.162686	+0.000000
-0.304000	-0.187623	+1.162686	+0.000000
-0.303000	-0.186460	+1.162686	+0.000000
-0.302000	-0.185297	+1.162686	+0.000000
-0.301000	-0.184134	+1.162686	+0.000000
-0.300000	-0.182972	+1.162686	+0.000000
-0.299000	-0.182864	+0.107753	+0.000000
-0.298000	-0.182756	+0.107753	+0.000000
-0.297000	-0.182649	+0.107753	+0.000000
-0.296000	-0.182541	+0.107753	+0.000000
-0.295000	-0.182433	+0.107753	+0.000000
-0.294000	-0.182325	+0.107753	+0.000000
-0.293000	-0.182218	+0.107753	+0.000000
-0.292000	-0.182110	+0.107753	+0.000000
-0.291000	-0.182002	+0.107753	+0.000000
-0.290000	-0.181894	+0.107753	+0.000000
-0.289000	-0.181787	+0.107753	+0.000000
-0.288000	-0.181679	+0.107753	+0.000000
-0.287000	-0.181571	+0.107753	+0.000000
-0.286000	-0.181463	+0.107753	+0.000000
-0.285000	-0.181356	+0.107753	+0.000000
-0.284000	-0.181248	+0.107753	+0.000000
-0.283000	-0.181140	+0.107753	+0.000000
-0.282000	-0.181032	+0.107753	+0.000000
-0.281000	-0.180925	+0.107753	+0.000000
-0.280000	-0.180817	+0.107753	+0.000000
-0.279000	-0.180709	+0.107753	+0.000000
-0.278000	-0.180601	+0.107753	+0.000000
-0.277000	-0.180493	+0.107753	+0.000000
-0.276000	-0.180386	+0.107753	+0.000000
-0.275000	-0.180278	+0.107753	+0.000000
-0.274000	-0.179580	+0.698160	+0.000000
-0.273000	-0.178882	+0.698160	+0.000000
-0.272000	-0.178184	+0.698160	+0.000000
-0.271000	-0.177485	+0.698160	+0.000000
-0.270000	-0.176787	+0.698160	+0.000000
-0.269000	-0.176089	+0.698160	+0.000000
-0.268000	-0.175391	+0.698160	+0.000000
-0.267000	-0.174693	+0.698160	+0.000000
-0.266000	-0.173995	+0.698160	+0.000000
-0.265000	-0.173296	+0.698160	+0.000000
-0.264000	-0.172598	+0.698160	+0.000000
-0.263000	-0.171900	+0.698160	+0.000000
-0.262000	-0.171202	+0.698160	+0.000000
-0.261000	-0.170504	+0.698160	+0.000000
-0.260000	-0.169806	+0.698160	+0.000000
-0.259000	-0.169107	+0.698160	+0.000000
-0.258000	-0.168409	+0.698160	+0.000000
-0.257000	-0.167711	+0.698160	+0.000000
-0.256000	-0.167013	+0.698160	+0.000000
-0.255000	-0.166315	+0.698160	+0.000000
-0.254000	-0.165617	+0.698160	+0.000000
-0.253000	-0.164918	+0.698160	+0.000000
-0.252000	-0.164220	+0.698160	+0.000000
-0.251000	-0.163522	+0.698160	+0.000000
-0.250000	-0.162824	+0.698160	+0.000000
-0.249000	-0.162128	+0.695531	+0.000000
-0.248000	-0.161433	+0.695531	+0.000000
-0.247000	-0.160737	+0.695531	+0.000000
-0.246000	-0.160042	+0.695531	+0.000000
-0.245000	-0.159346	+0.695531	+0.000000
-0.244000	-0.158651	+0.695531	+0.000000
-0.243000	-0.157955	+0.695531	+0.000000
-0.242000	-0.157260	+0.695531	+0.000000
-0.241000	-0.156564	+0.695531	+0.000000
-0.240000	-0.155869	+0.695531	+0.000000
-0.239000	-0.155173	+0.695531	+0.000000
-0.238000	-0.154478	+0.695531	+0.000000
-0.237000	-0.153782	+0.695531	+0.000000
-0.236000	-0.153087	+0.695531	+0.000000
-0.235000	-0.152391	+0.695531	+0.000000
-0.234000	-0.151695	+0.695531	+0.000000
-0.233000	-0.151000	+0.695531	+0.000000
-0.232000	-0.150304	+0.695531	+0.000000
-0.231000	-0.149609	+0.695531	+0.000000
-0.230000	-0.148913	+0.695531	+0.000000
-0.229000	-0.148218	+0.695531	+0.000000
-0.228000	-0.147522	+0.695531	+0.000000
-0.227000	-0.146827	+0.695531	+0.000000
-0.226000	-0.146131	+0.695531	+0.000000
-0.225000	-0.145436	+0.695531	+0.000000
-0.224000	-0.144873	+0.562646	+0.000000
-0.223000	-0.144310	+0.562646	+0.000000
-0.222000	-0.143748	+0.562646	+0.000000
-0.221000	-0.143185	+0.562646	+0.000000
-0.220000	-0.142622	+0.562646	+0.000000
-0.219000	-0.142060	+0.562646	+0.000000
-0.218000	-0.141497	+0.562646	+0.000000
-0.217000	-0.140935	+0.562646	+0.000000
-0.216000	-0.140372	+0.562646	+0.000000
-0.215000	-0.139809	+0.562646	+0.000000
-0.214000	-0.139247	+0.562646	+0.000000
-0.213000	-0.138684	+0.562646	+0.000000
-0.212000	-0.138121	+0.562646	+0.000000
-0.211000	-0.137559	+0.562646	+0.000000
-0.210000	-0.136996	+0.562646	+0.000000
-0.209000	-0.136433	+0.562646	+0.000000
-0.208000	-0.135871	+0.562646	+0.000000
-0.207000	-0.135308	+0.562646	+0.000000
-0.206000	-0.134745	+0.562646	+0.000000
-0.205000	-0.134183	+0.562646	+0.000000
-0.204000	-0.133620	+0.562646	+0.000000
-0.203000	-0.133057	+0.562646	+0.000000
-0.202000	-0.132495	+0.562646	+0.000000
-0.201000	-0.131932	+0.562646	+0.000000
-0.200000	-0.131370	+0.562646	+0.000000
-0.199000	-0.130315	+1.054391	+0.000000
-0.198000	-0.129261	+1.054391	+0.000000
-0.197000	-0.128206	+1.054391	+0.000000
-0.196000	-0.127152	+1.054391	+0.000000
-0.195000	-0.126098	+1.054391	+0.000000
-0.194000	-0.125043	+1.054391	+0.000000
-0.193000	-0.123989	+1.054391	+0.000000
-0.192000	-0.122934	+1.054391	+0.000000
-0.191000	-0.121880	+1.054391	+0.000000
-0.190000	-0.120826	+1.054391	+0.000000
-0.189000	-0.119771	+1.054391	+0.000000
-0.188000	-0.118717	+1.054391	+0.000000
-0.187000	-0.117662	+1.054391	+0.000000
-0.186000	-0.116608	+1.054391	+0.000000
-0.185000	-0.115554	+1.054391	+0.000000
-0.184000	-0.114499	+1.054391	+0.000000
-0.183000	-0.113445	+1.054391	+0.000000
-0.182000	-0.112391	+1.054391	+0.000000
-0.181000	-0.111336	+1.054391	+0.000000
-0.180000	-0.110282	+1.054391	+0.000000
-0.179000	-0.109227	+1.054391	+0.000000
-0.178000	-0.108173	+1.054391	+0.000000
-0.177000	-0.107119	+1.054391	+0.000000
-0.176000	-0.106064	+1.054391	+0.000000
-0.175000	-0.105010	+1.054391	+0.000000
-0.174000	-0.104692	+0.317992	+0.000000
-0.173000	-0.104374	+0.317992	+0.000000
-0.172000	-0.104056	+0.317992	+0.000000
-0.171000	-0.103738	+0.317992	+0.000000
-0.170000	-0.103420	+0.317992	+0.000000
-0.169000	-0.103102	+0.317992	+0.000000
-0.168000	-0.102784	+0.317992	+0.000000
-0.167000	-0.102466	+0.317992	+0.000000
-0.166000	-0.102148	+0.317992	+0.000000
-0.165000	-0.101830	+0.317992	+0.000000
-0.164000	-0.101512	+0.317992	+0.000000
-0.163000	-0.101194	+0.317992	+0.000000
-0.162000	-0.100876	+0.317992	+0.000000
-0.161000	-0.100558	+0.317992	+0.000000
-0.160000	-0.100240	+0.317992	+0.000000
-0.159000	-0.099922	+0.317992	+0.000000
-0.158000	-0.099604	+0.317992	+0.000000
-0.157000	-0.099286	+0.317992	+0.000000
-0.156000	-0.098968	+0.317992	+0.000000
-0.155000	-0.098650	+0.317992	+0.000000
-0.154000	-0.098332	+0.317992	+0.000000
-0.153000	-0.098014	+0.317992	+0.000000
-0.152000	-0.097696	+0.317992	+0.000000
-0.151000	-0.097378	+0.317992	+0.000000
-0.150000	-0.097060	+0.317992	+0.000000
-0.149000	-0.096274	+0.786220	+0.000000
-0.148000	-0.095488	+0.786220	+0.000000
-0.147000	-0.094701	+0.786220	+0.000000
-0.146000	-0.093915	+0.786220	+0.000000
-0.145000	-0.093129	+0.786220	+0.000000
-0.144000	-0.092343	+0.786220	+0.000000
-0.143000	-0.091556	+0.786220	+0.000000
-0.142000	-0.090770	+0.786220	+0.000000
-0.141000	-0.089984	+0.786220	+0.000000
-0.140000	-0.089198	+0.786220	+0.000000
-0.139000	-0.088412	+0.786220	+0.000000
-0.138000	-0.087625	+0.786220	+0.000000
-0.137000	-0.086839	+0.786220	+0.000000
-0.136000	-0.086053	+0.786220	+0.000000
-0.135000	-0.085267	+0.786220	+0.000000
-0.134000	-0.084480	+0.786220	+0.000000
-0.133000	-0.083694	+0.786220	+0.000000
-0.132000	-0.082908	+0.786220	+0.000000
-0.131000	-0.082122	+0.786220	+0.000000
-0.130000	-0.081336	+0.786220	+0.000000
-0.129000	-0.080549	+0.786220	+0.000000
-0.128000	-0.079763	+0.786220	+0.000000
-0.127000	-0.078977	+0.786220	+0.000000
-0.126000	-0.078191	+0.786220	+0.000000
-0.125000	-0.077404	+0.786220	+0.000000
-0.124000	-0.076925	+0.479434	+0.000000
-0.123000	-0.076446	+0.479434	+0.000000
-0.122000	-0.075966	+0.479434	+0.000000
-0.121000	-0.075487	+0.479434	+0.000000
-0.120000	-0.075007	+0.479434	+0.000000
-0.119000	-0.074528	+0.479434	+0.000000
-0.118000	-0.074048	+0.479434	+0.000000
-0.117000	-0.073569	+0.479434	+0.000000
-0.116000	-0.073090	+0.479434	+0.000000
-0.115000	-0.072610	+0.479434	+0.000000
-0.114000	-0.072131	+0.479434	+0.000000
-0.113000	-0.071651	+0.479434	+0.000000
-0.112000	-0.071172	+0.479434	+0.000000
-0.111000	-0.070692	+0.479434	+0.000000
-0.110000	-0.070213	+0.479434	+0.000000
-0.109000	-0.069734	+0.479434	+0.000000
-0.108000	-0.069254	+0.479434	+0.000000
-0.107000	-0.068775	+0.479434	+0.000000
-0.106000	-0.068295	+0.479434	+0.000000
-0.105000	-0.067816	+0.479434	+0.000000
-0.104000	-0.067336	+0.479434	+0.000000
-0.103000	-0.066857	+0.479434	+0.000000
-0.102000	-0.066377	+0.479434	+0.000000
-0.101000	-0.065898	+0.479434	+0.000000
-0.100000	-0.065419	+0.479434	+0.000000
-0.099000	-0.064784	+0.634858	+0.000000
-0.098000	-0.064149	+0.634858	+0.000000
-0.097000	-0.063514	+0.634858	+0.000000
-0.096000	-0.062879	+0.634858	+0.000000
-0.095000	-0.062244	+0.634858	+0.000000
-0.094000	-0.061609	+0.634858	+0.000000
-0.093000	-0.060975	+0.634858	+0.000000
-0.092000	-0.060340	+0.634858	+0.000000
-0.091000	-0.059705	+0.634858	+0.000000
-0.090000	-0.059070	+0.634858	+0.000000
-0.089000	-0.058435	+0.634858	+0.000000
-0.088000	-0.057800	+0.634858	+0.000000
-0.087000	-0.057165	+0.634858	+0.000000
-0.086000	-0.056531	+0.634858	+0.000000
-0.085000	-0.055896	+0.634858	+0.000000
-0.084000	-0.055261	+0.634858	+0.000000
-0.083000	-0.054626	+0.634858	+0.000000
-0.082000	-0.053991	+0.634858	+0.000000
-0.081000	-0.053356	+0.634858	+0.000000
-0.080000	-0.052721	+0.634858	+0.000000
-0.079000	-0.052087	+0.634858	+0.000000
-0.078000	-0.051452	+0.634858	+0.000000
-0.077000	-0.050817	+0.634858	+0.000000
-0.076000	-0.050182	+0.634858	+0.000000
-0.075000	-0.049547	+0.634858	+0.000000
-0.074000	-0.048855	+0.691857	+0.000000
-0.073000	-0.048163	+0.691857	+0.000000
-0.072000	-0.047472	+0.691857	+0.000000
-0.071000	-0.046780	+0.691857	+0.000000
-0.070000	-0.046088	+0.691857	+0.000000
-0.069000	-0.045396	+0.691857	+0.000000
-0.068000	-0.044704	+0.691857	+0.000000
-0.067000	-0.044012	+0.691857	+0.000000
-0.066000	-0.043320	+0.691857	+0.000000
-0.065000	-0.042629	+0.691857	+0.000000
-0.064000	-0.041937	+0.691857	+0.000000
-0.063000	-0.041245	+0.691857	+0.000000
-0.062000	-0.040553	+0.691857	+0.000000
-0.061000	-0.039861	+0.691857	+0.000000
-0.060000	-0.039169	+0.691857	+0.000000
-0.059000	-0.038477	+0.691857	+0.000000
-0.058000	-0.037786	+0.691857	+0.000000
-0.057000	-0.037094	+0.691857	+0.000000
-0.056000	-0.036402	+0.691857	+0.000000
-0.055000	-0.035710	+0.691857	+0.000000
-0.054000	-0.035018	+0.691857	+0.000000
-0.053000	-0.034326	+0.691857	+0.000000
-0.052000	-0.033634	+0.691857	+0.000000
-0.051000	-0.032943	+0.691857	+0.000000
-0.050000	-0.032251	+0.691857	+0.000000
-0.049000	-0.031639	+0.612098	+0.000000
-0.048000	-0.031027	+0.612098	+0.000000
-0.047000	-0.030414	+0.612098	+0.000000
-0.046000	-0.029802	+0.612098	+0.000000
-0.045000	-0.029190	+0.612098	+0.000000
-0.044000	-0.028578	+0.612098	+0.000000
-0.043000	-0.027966	+0.612098	+0.000000
-0.042000	-0.027354	+0.612098	+0.000000
-0.041000	-0.026742	+0.612098	+0.000000
-0.040000	-0.026130	+0.612098	+0.000000
-0.039000	-0.025518	+0.612098	+0.000000
-0.038000	-0.024906	+0.612098	+0.000000
-0.037000	-0.024293	+0.612098	+0.000000
-0.036000	-0.023681	+0.612098	+0.000000
-0.035000	-0.023069	+0.612098	+0.000000
-0.034000	-0.022457	+0.612098	+0.000000
-0.033000	-0.021845	+0.612098	+0.000000
-0.032000	-0.021233	+0.612098	+0.000000
-0.031000	-0.020621	+0.612098	+0.000000
-0.030000	-0.020009	+0.612098	+0.000000
-0.029000	-0.019397	+0.612098	+0.000000
-0.028000	-0.018785	+0.612098	+0.000000
-0.027000	-0.018172	+0.612098	+0.000000
-0.026000	-0.017560	+0.612098	+0.000000
-0.025000	-0.016948	+0.612098	+0.000000
-0.024000	-0.016270	+0.677932	+0.000000
-0.023000	-0.015592	+0.677932	+0.000000
-0.022000	-0.014915	+0.677932	+0.000000
-0.021000	-0.014237	+0.677932	+0.000000
-0.020000	-0.013559	+0.677932	+0.000000
-0.019000	-0.012881	+0.677932	+0.000000
-0.018000	-0.012203	+0.677932	+0.000000
-0.017000	-0.011525	+0.677932	+0.000000
-0.016000	-0.010847	+0.677932	+0.000000
-0.015000	-0.010169	+0.677932	+0.000000
-0.014000	-0.009491	+0.677932	+0.000000
-0.013000	-0.008813	+0.677932	+0.000000
-0.012000	-0.008135	+0.677932	+0.000000
-0.011000	-0.007457	+0.677932	+0.000000
-0.010000	-0.006779	+0.677932	+0.000000
-0.009000	-0.006101	+0.677932	+0.000000
-0.008000	-0.005423	+0.677932	+0.000000
-0.007000	-0.004746	+0.677932	+0.000000
-0.006000	-0.004068	+0.677932	+0.000000
-0.005000	-0.003390	+0.677932	+0.000000
-0.004000	-0.002712	+0.677932	+0.000000
-0.003000	-0.002034	+0.677932	+0.000000
-0.002000	-0.001356	+0.677932	+0.000000
-0.001000	-0.000678	+0.677932	+0.000000
+0.000000	+0.000000	+0.677932	+0.000000
+0.001000	+0.000678	+0.677932	+0.000000
+0.002000	+0.001356	+0.677932	+0.000000
+0.003000	+0.002034	+0.677932	+0.000000
+0.004000	+0.002712	+0.677932	+0.000000
+0.005000	+0.003390	+0.677932	+0.000000
+0.006000	+0.004068	+0.677932	+0.000000
+0.007000	+0.004746	+0.677932	+0.000000
+0.008000	+0.005423	+0.677932	+0.000000
+0.009000	+0.006101	+0.677932	+0.000000
+0.010000	+0.006779	+0.677932	+0.000000
+0.011000	+0.007457	+0.677932	+0.000000
+0.012000	+0.008135	+0.677932	+0.000000
+0.013000	+0.008813	+0.677932	+0.000000
+0.014000	+0.009491	+0.677932	+0.000000
+0.015000	+0.010169	+0.677932	+0.000000
+0.016000	+0.010847	+0.677932	+0.000000
+0.017000	+0.011525	+0.677932	+0.000000
+0.018000	+0.012203	+0.677932	+0.000000
+0.019000	+0.012881	+0.677932	+0.000000
+0.020000	+0.013559	+0.677932	+0.000000
+0.021000	+0.014237	+0.677932	+0.000000
+0.022000	+0.014915	+0.677932	+0.000000
+0.023000	+0.015592	+0.677932	+0.000000
+0.024000	+0.016270	+0.677932	+0.000000
+0.025000	+0.016948	+0.677932	+0.000000
+0.026000	+0.017560	+0.612098	+0.000000
+0.027000	+0.018172	+0.612098	+0.000000
+0.028000	+0.018785	+0.612098	+0.000000
+0.029000	+0.019397	+0.612098	+0.000000
+0.030000	+0.020009	+0.612098	+0.000000
+0.031000	+0.020621	+0.612098	+0.000000
+0.032000	+0.021233	+0.612098	+0.000000
+0.033000	+0.021845	+0.612098	+0.000000
+0.034000	+0.022457	+0.612098	+0.000000
+0.035000	+0.023069	+0.612098	+0.000000
+0.036000	+0.023681	+0.612098	+0.000000
+0.037000	+0.024293	+0.612098	+0.000000
+0.038000	+0.024906	+0.612098	+0.000000
+0.039000	+0.025518	+0.612098	+0.000000
+0.040000	+0.026130	+0.612098	+0.000000
+0.041000	+0.026742	+0.612098	+0.000000
+0.042000	+0.027354	+0.612098	+0.000000
+0.043000	+0.027966	+0.612098	+0.000000
+0.044000	+0.028578	+0.612098	+0.000000
+0.045000	+0.029190	+0.612098	+0.000000
+0.046000	+0.029802	+0.612098	+0.000000
+0.047000	+0.030414	+0.612098	+0.000000
+0.048000	+0.031027	+0.612098	+0.000000
+0.049000	+0.031639	+0.612098	+0.000000
+0.050000	+0.032251	+0.612098	+0.000000
+0.051000	+0.032943	+0.691857	+0.000000
+0.052000	+0.033634	+0.691857	+0.000000
+0.053000	+0.034326	+0.691857	+0.000000
+0.054000	+0.035018	+0.691857	+0.000000
+0.055000	+0.035710	+0.691857	+0.000000
+0.056000	+0.036402	+0.691857	+0.000000
+0.057000	+0.037094	+0.691857	+0.000000
+0.058000	+0.037786	+0.691857	+0.000000
+0.059000	+0.038477	+0.691857	+0.000000
+0.060000	+0.039169	+0.691857	+0.000000
+0.061000	+0.039861	+0.691857	+0.000000
+0.062000	+0.040553	+0.691857	+0.000000
+0.063000	+0.041245	+0.691857	+0.000000
+0.064000	+0.041937	+0.691857	+0.000000
+0.065000	+0.042629	+0.691857	+0.000000
+0.066000	+0.043320	+0.691857	+0.000000
+0.067000	+0.044012	+0.691857	+0.000000
+0.068000	+0.044704	+0.691857	+0.000000
+0.069000	+0.045396	+0.691857	+0.000000
+0.070000	+0.046088	+0.691857	+0.000000
+0.071000	+0.046780	+0.691857	+0.000000
+0.072000	+0.047472	+0.691857	+0.000000
+0.073000	+0.048163	+0.691857	+0.000000
+0.074000	+0.048855	+0.691857	+0.000000
+0.075000	+0.049547	+0.691857	+0.000000
+0.076000	+0.050182	+0.634858	+0.000000
+0.077000	+0.050817	+0.634858	+0.000000
+0.078000	+0.051452	+0.634858	+0.000000
+0.079000	+0.052087	+0.634858	+0.000000
+0.080000	+0.052721	+0.634858	+0.000000
+0.081000	+0.053356	+0.634858	+0.000000
+0.082000	+0.053991	+0.634858	+0.000000
+0.083000	+0.054626	+0.634858	+0.000000
+0.084000	+0.055261	+0.634858	+0.000000
+0.085000	+0.055896	+0.634858	+0.000000
+0.086000	+0.056531	+0.634858	+0.000000
+0.087000	+0.057165	+0.634858	+0.000000
+0.088000	+0.057800	+0.634858	+0.000000
+0.089000	+0.058435	+0.634858	+0.000000
+0.090000	+0.059070	+0.634858	+0.000000
+0.091000	+0.059705	+0.634858	+0.000000
+0.092000	+0.060340	+0.634858	+0.000000
+0.093000	+0.060975	+0.634858	+0.000000
+0.094000	+0.061609	+0.634858	+0.000000
+0.095000	+0.062244	+0.634858	+0.000000
+0.096000	+0.062879	+0.634858	+0.000000
+0.097000	+0.063514	+0.634858	+0.000000
+0.098000	+0.064149	+0.634858	+0.000000
+0.099000	+0.064784	+0.634858	+0.000000
+0.100000	+0.065419	+0.634858	+0.000000
+0.101000	+0.065898	+0.479434	+0.000000
+0.102000	+0.066377	+0.479434	+0.000000
+0.103000	+0.066857	+0.479434	+0.000000
+0.104000	+0.067336	+0.479434	+0.000000
+0.105000	+0.067816	+0.479434	+0.000000
+0.106000	+0.068295	+0.479434	+0.000000
+0.107000	+0.068775	+0.479434	+0.000000
+0.108000	+0.069254	+0.479434	+0.000000
+0.109000	+0.069734	+0.479434	+0.000000
+0.110000	+0.070213	+0.479434	+0.000000
+0.111000	+0.070692	+0.479434	+0.000000
+0.112000	+0.071172	+0.479434	+0.000000
+0.113000	+0.071651	+0.479434	+0.000000
+0.114000	+0.072131	+0.479434	+0.000000
+0.115000	+0.072610	+0.479434	+0.000000
+0.116000	+0.073090	+0.479434	+0.000000
+0.117000	+0.073569	+0.479434	+0.000000
+0.118000	+0.074048	+0.479434	+0.000000
+0.119000	+0.074528	+0.479434	+0.000000
+0.120000	+0.075007	+0.479434	+0.000000
+0.121000	+0.075487	+0.479434	+0.000000
+0.122000	+0.075966	+0.479434	+0.000000
+0.123000	+0.076446	+0.479434	+0.000000
+0.124000	+0.076925	+0.479434	+0.000000
+0.125000	+0.077404	+0.479434	+0.000000
+0.126000	+0.078191	+0.786220	+0.000000
+0.127000	+0.078977	+0.786220	+0.000000
+0.128000	+0.079763	+0.786220	+0.000000
+0.129000	+0.080549	+0.786220	+0.000000
+0.130000	+0.081336	+0.786220	+0.000000
+0.131000	+0.082122	+0.786220	+0.000000
+0.132000	+0.082908	+0.786220	+0.000000
+0.133000	+0.083694	+0.786220	+0.000000
+0.134000	+0.084480	+0.786220	+0.000000
+0.135000	+0.085267	+0.786220	+0.000000
+0.136000	+0.086053	+0.786220	+0.000000
+0.137000	+0.086839	+0.786220	+0.000000
+0.138000	+0.087625	+0.786220	+0.000000
+0.139000	+0.088412	+0.786220	+0.000000
+0.140000	+0.089198	+0.786220	+0.000000
+0.141000	+0.089984	+0.786220	+0.000000
+0.142000	+0.090770	+0.786220	+0.000000
+0.143000	+0.091556	+0.786220	+0.000000
+0.144000	+0.092343	+0.786220	+0.000000
+0.145000	+0.093129	+0.786220	+0.000000
+0.146000	+0.093915	+0.786220	+0.000000
+0.147000	+0.094701	+0.786220	+0.000000
+0.148000	+0.095488	+0.786220	+0.000000
+0.149000	+0.096274	+0.786220	+0.000000
+0.150000	+0.097060	+0.786220	+0.000000
+0.151000	+0.097378	+0.317992	+0.000000
+0.152000	+0.097696	+0.317992	+0.000000
+0.153000	+0.098014	+0.317992	+0.000000
+0.154000	+0.098332	+0.317992	+0.000000
+0.155000	+0.098650	+0.317992	+0.000000
+0.156000	+0.098968	+0.317992	+0.000000
+0.157000	+0.099286	+0.317992	+0.000000
+0.158000	+0.099604	+0.317992	+0.000000
+0.159000	+0.099922	+0.317992	+0.000000
+0.160000	+0.100240	+0.317992	+0.000000
+0.161000	+0.100558	+0.317992	+0.000000
+0.162000	+0.100876	+0.317992	+0.000000
+0.163000	+0.101194	+0.317992	+0.000000
+0.164000	+0.101512	+0.317992	+0.000000
+0.165000	+0.101830	+0.317992	+0.000000
+0.166000	+0.102148	+0.317992	+0.000000
+0.167000	+0.102466	+0.317992	+0.000000
+0.168000	+0.102784	+0.317992	+0.000000
+0.169000	+0.103102	+0.317992	+0.000000
+0.170000	+0.103420	+0.317992	+0.000000
+0.171000	+0.103738	+0.317992	+0.000000
+0.172000	+0.104056	+0.317992	+0.000000
+0.173000	+0.104374	+0.317992	+0.000000
+0.174000	+0.104692	+0.317992	+0.000000
+0.175000	+0.105010	+0.317992	+0.000000
+0.176000	+0.106064	+1.054391	+0.000000
+0.177000	+0.107119	+1.054391	+0.000000
+0.178000	+0.108173	+1.054391	+0.000000
+0.179000	+0.109227	+1.054391	+0.000000
+0.180000	+0.110282	+1.054391	+0.000000
+0.181000	+0.111336	+1.054391	+0.000000
+0.182000	+0.112391	+1.054391	+0.000000
+0.183000	+0.113445	+1.054391	+0.000000
+0.184000	+0.114499	+1.054391	+0.000000
+0.185000	+0.115554	+1.054391	+0.000000
+0.186000	+0.116608	+1.054391	+0.000000
+0.187000	+0.117662	+1.054391	+0.000000
+0.188000	+0.118717	+1.054391	+0.000000
+0.189000	+0.119771	+1.054391	+0.000000
+0.190000	+0.120826	+1.054391	+0.000000
+0.191000	+0.121880	+1.054391	+0.000000
+0.192000	+0.122934	+1.054391	+0.000000
+0.193000	+0.123989	+1.054391	+0.000000
+0.194000	+0.125043	+1.054391	+0.000000
+0.195000	+0.126098	+1.054391	+0.000000
+0.196000	+0.127152	+1.054391	+0.000000
+0.197000	+0.128206	+1.054391	+0.000000
+0.198000	+0.129261	+1.054391	+0.000000
+0.199000	+0.130315	+1.054391	+0.000000
+0.200000	+0.131370	+1.054391	+0.000000
+0.201000	+0.131932	+0.562646	+0.000000
+0.202000	+0.132495	+0.562646	+0.000000
+0.203000	+0.133057	+0.562646	+0.000000
+0.204000	+0.133620	+0.562646	+0.000000
+0.205000	+0.134183	+0.562646	+0.000000
+0.206000	+0.134745	+0.562646	+0.000000
+0.207000	+0.135308	+0.562646	+0.000000
+0.208000	+0.135871	+0.562646	+0.000000
+0.209000	+0.136433	+0.562646	+0.000000
+0.210000	+0.136996	+0.562646	+0.000000
+0.211000	+0.137559	+0.562646	+0.000000
+0.212000	+0.138121	+0.562646	+0.000000
+0.213000	+0.138684	+0.562646	+0.000000
+0.214000	+0.139247	+0.562646	+0.000000
+0.215000	+0.139809	+0.562646	+0.000000
+0.216000	+0.140372	+0.562646	+0.000000
+0.217000	+0.140935	+0.562646	+0.000000
+0.218000	+0.141497	+0.562646	+0.000000
+0.219000	+0.142060	+0.562646	+0.000000
+0.220000	+0.142622	+0.562646	+0.000000
+0.221000	+0.143185	+0.562646	+0.000000
+0.222000	+0.143748	+0.562646	+0.000000
+0.223000	+0.144310	+0.562646	+0.000000
+0.224000	+0.144873	+0.562646	+0.000000
+0.225000	+0.145436	+0.562646	+0.000000
+0.226000	+0.146131	+0.695531	+0.000000
+0.227000	+0.146827	+0.695531	+0.000000
+0.228000	+0.147522	+0.695531	+0.000000
+0.229000	+0.148218	+0.695531	+0.000000
+0.230000	+0.148913	+0.695531	+0.000000
+0.231000	+0.149609	+0.695531	+0.000000
+0.232000	+0.150304	+0.695531	+0.000000
+0.233000	+0.151000	+0.695531	+0.000000
+0.234000	+0.151695	+0.695531	+0.000000
+0.235000	+0.152391	+0.695531	+0.000000
+0.236000	+0.153087	+0.695531	+0.000000
+0.237000	+0.153782	+0.695531	+0.000000
+0.238000	+0.154478	+0.695531	+0.000000
+0.239000	+0.155173	+0.695531	+0.000000
+0.240000	+0.155869	+0.695531	+0.000000
+0.241000	+0.156564	+0.695531	+0.000000
+0.242000	+0.157260	+0.695531	+0.000000
+0.243000	+0.157955	+0.695531	+0.000000
+0.244000	+0.158651	+0.695531	+0.000000
+0.245000	+0.159346	+0.695531	+0.000000
+0.246000	+0.160042	+0.695531	+0.000000
+0.247000	+0.160737	+0.695531	+0.000000
+0.248000	+0.161433	+0.695531	+0.000000
+0.249000	+0.162128	+0.695531	+0.000000
+0.250000	+0.162824	+0.695531	+0.000000
+0.251000	+0.163522	+0.698160	+0.000000
+0.252000	+0.164220	+0.698160	+0.000000
+0.253000	+0.164918	+0.698160	+0.000000
+0.254000	+0.165617	+0.698160	+0.000000
+0.255000	+0.166315	+0.698160	+0.000000
+0.256000	+0.167013	+0.698160	+0.000000
+0.257000	+0.167711	+0.698160	+0.000000
+0.258000	+0.168409	+0.698160	+0.000000
+0.259000	+0.169107	+0.698160	+0.000000
+0.260000	+0.169806	+0.698160	+0.000000
+0.261000	+0.170504	+0.698160	+0.000000
+0.262000	+0.171202	+0.698160	+0.000000
+0.263000	+0.171900	+0.698160	+0.000000
+0.264000	+0.172598	+0.698160	+0.000000
+0.265000	+0.173296	+0.698160	+0.000000
+0.266000	+0.173995	+0.698160	+0.000000
+0.267000	+0.174693	+0.698160	+0.000000
+0.268000	+0.175391	+0.698160	+0.000000
+0.269000	+0.176089	+0.698160	+0.000000
+0.270000	+0.176787	+0.698160	+0.000000
+0.271000	+0.177485	+0.698160	+0.000000
+0.272000	+0.178184	+0.698160	+0.000000
+0.273000	+0.178882	+0.698160	+0.000000
+0.274000	+0.179580	+0.698160	+0.000000
+0.275000	+0.180278	+0.698160	+0.000000
+0.276000	+0.180386	+0.107753	+0.000000
+0.277000	+0.180493	+0.107753	+0.000000
+0.278000	+0.180601	+0.107753	+0.000000
+0.279000	+0.180709	+0.107753	+0.000000
+0.280000	+0.180817	+0.107753	+0.000000
+0.281000	+0.180925	+0.107753	+0.000000
+0.282000	+0.181032	+0.107753	+0.000000
+0.283000	+0.181140	+0.107753	+0.000000
+0.284000	+0.181248	+0.107753	+0.000000
+0.285000	+0.181356	+0.107753	+0.000000
+0.286000	+0.181463	+0.107753	+0.000000
+0.287000	+0.181571	+0.107753	+0.000000
+0.288000	+0.181679	+0.107753	+0.000000
+0.289000	+0.181787	+0.107753	+0.000000
+0.290000	+0.181894	+0.107753	+0.000000
+0.291000	+0.182002	+0.107753	+0.000000
+0.292000	+0.182110	+0.107753	+0.000000
+0.293000	+0.182218	+0.107753	+0.000000
+0.294000	+0.182325	+0.107753	+0.000000
+0.295000	+0.182433	+0.107753	+0.000000
+0.296000	+0.182541	+0.107753	+0.000000
+0.297000	+0.182649	+0.107753	+0.000000
+0.298000	+0.182756	+0.107753	+0.000000
+0.299000	+0.182864	+0.107753	+0.000000
+0.300000	+0.182972	+0.107753	+0.000000
+0.301000	+0.184134	+1.162686	+0.000000
+0.302000	+0.185297	+1.162686	+0.000000
+0.303000	+0.186460	+1.162686	+0.000000
+0.304000	+0.187623	+1.162686	+0.000000
+0.305000	+0.188785	+1.162686	+0.000000
+0.306000	+0.189948	+1.162686	+0.000000
+0.307000	+0.191111	+1.162686	+0.000000
+0.308000	+0.192273	+1.162686	+0.000000
+0.309000	+0.193436	+1.162686	+0.000000
+0.310000	+0.194599	+1.162686	+0.000000
+0.311000	+0.195761	+1.162686	+0.000000
+0.312000	+0.196924	+1.162686	+0.000000
+0.313000	+0.198087	+1.162686	+0.000000
+0.314000	+0.199249	+1.162686	+0.000000
+0.315000	+0.200412	+1.162686	+0.000000
+0.316000	+0.201575	+1.162686	+0.000000
+0.317000	+0.202737	+1.162686	+0.000000
+0.318000	+0.203900	+1.162686	+0.000000
+0.319000	+0.205063	+1.162686	+0.000000
+0.320000	+0.206226	+1.162686	+0.000000
+0.321000	+0.207388	+1.162686	+0.000000
+0.322000	+0.208551	+1.162686	+0.000000
+0.323000	+0.209714	+1.162686	+0.000000
+0.324000	+0.210876	+1.162686	+0.000000
+0.325000	+0.212039	+1.162686	+0.000000
+0.326000	+0.212186	+0.146771	+0.000000
+0.327000	+0.212333	+0.146771	+0.000000
+0.328000	+0.212479	+0.146771	+0.000000
+0.329000	+0.212626	+0.146771	+0.000000
+0.330000	+0.212773	+0.146771	+0.000000
+0.331000	+0.212920	+0.146771	+0.000000
+0.332000	+0.213066	+0.146771	+0.000000
+0.333000	+0.213213	+0.146771	+0.000000
+0.334000	+0.213360	+0.146771	+0.000000
+0.335000	+0.213507	+0.146771	+0.000000
+0.336000	+0.213653	+0.146771	+0.000000
+0.337000	+0.213800	+0.146771	+0.000000
+0.338000	+0.213947	+0.146771	+0.000000
+0.339000	+0.214094	+0.146771	+0.000000
+0.340000	+0.214241	+0.146771	+0.000000
+0.341000	+0.214387	+0.146771	+0.000000
+0.342000	+0.214534	+0.146771	+0.000000
+0.343000	+0.214681	+0.146771	+0.000000
+0.344000	+0.214828	+0.146771	+0.000000
+0.345000	+0.214974	+0.146771	+0.000000
+0.346000	+0.215121	+0.146771	+0.000000
+0.347000	+0.215268	+0.146771	+0.000000
+0.348000	+0.215415	+0.146771	+0.000000
+0.349000	+0.215561	+0.146771	+0.000000
+0.350000	+0.215708	+0.146771	+0.000000
+0.351000	+0.216969	+1.260748	+0.000000
+0.352000	+0.218230	+1.260748	+0.000000
+0.353000	+0.219490	+1.260748	+0.000000
+0.354000	+0.220751	+1.260748	+0.000000
+0.355000	+0.222012	+1.260748	+0.000000
+0.356000	+0.223273	+1.260748	+0.000000
+0.357000	+0.224533	+1.260748	+0.000000
+0.358000	+0.225794	+1.260748	+0.000000
+0.359000	+0.227055	+1.260748	+0.000000
+0.360000	+0.228316	+1.260748	+0.000000
+0.361000	+0.229576	+1.260748	+0.000000
+0.362000	+0.230837	+1.260748	+0.000000
+0.363000	+0.232098	+1.260748	+0.000000
+0.364000	+0.233359	+1.260748	+0.000000
+0.365000	+0.234619	+1.260748	+0.000000
+0.366000	+0.235880	+1.260748	+0.000000
+0.367000	+0.237141	+1.260748	+0.000000
+0.368000	+0.238402	+1.260748	+0.000000
+0.369000	+0.239662	+1.260748	+0.000000
+0.370000	+0.240923	+1.260748	+0.000000
+0.371000	+0.242184	+1.260748	+0.000000
+0.372000	+0.243445	+1.260748	+0.000000
+0.373000	+0.244705	+1.260748	+0.000000
+0.374000	+0.245966	+1.260748	+0.000000
+0.375000	+0.247227	+1.260748	+0.000000
+0.376000	+0.247766	+0.538907	+0.000000
+0.377000	+0.248305	+0.538907	+0.000000
+0.378000	+0.248844	+0.538907	+0.000000
+0.379000	+0.249383	+0.538907	+0.000000
+0.380000	+0.249921	+0.538907	+0.000000
+0.381000	+0.250460	+0.538907	+0.000000
+0.382000	+0.250999	+0.538907	+0.000000
+0.383000	+0.251538	+0.538907	+0.000000
+0.384000	+0.252077	+0.538907	+0.000000
+0.385000	+0.252616	+0.538907	+0.000000
+0.386000	+0.253155	+0.538907	+0.000000
+0.387000	+0.253694	+0.538907	+0.000000
+0.388000	+0.254233	+0.538907	+0.000000
+0.389000	+0.254772	+0.538907	+0.000000
+0.390000	+0.255311	+0.538907	+0.000000
+0.391000	+0.255849	+0.538907	+0.000000
+0.392000	+0.256388	+0.538907	+0.000000
+0.393000	+0.256927	+0.538907	+0.000000
+0.394000	+0.257466	+0.538907	+0.000000
+0.395000	+0.258005	+0.538907	+0.000000
+0.396000	+0.258544	+0.538907	+0.000000
+0.397000	+0.259083	+0.538907	+0.000000
+0.398000	+0.259622	+0.538907	+0.000000
+0.399000	+0.260161	+0.538907	+0.000000
+0.400000	+0.260700	+0.538907	+0.000000
+0.401000	+0.261124	+0.424590	+0.000000
+0.402000	+0.261549	+0.424590	+0.000000
+0.403000	+0.261973	+0.424590	+0.000000
+0.404000	+0.262398	+0.424590	+0.000000
+0.405000	+0.262823	+0.424590	+0.000000
+0.406000	+0.263247	+0.424590	+0.000000
+0.407000	+0.263672	+0.424590	+0.000000
+0.408000	+0.264096	+0.424590	+0.000000
+0.409000	+0.264521	+0.424590	+0.000000
+0.410000	+0.264946	+0.424590	+0.000000
+0.411000	+0.265370	+0.424590	+0.000000
+0.412000	+0.265795	+0.424590	+0.000000
+0.413000	+0.266219	+0.424590	+0.000000
+0.414000	+0.266644	+0.424590	+0.000000
+0.415000	+0.267068	+0.424590	+0.000000
+0.416000	+0.267493	+0.424590	+0.000000
+0.417000	+0.267918	+0.424590	+0.000000
+0.418000	+0.268342	+0.424590	+0.000000
+0.419000	+0.268767	+0.424590	+0.000000
+0.420000	+0.269191	+0.424590	+0.000000
+0.421000	+0.269616	+0.424590	+0.000000
+0.422000	+0.270041	+0.424590	+0.000000
+0.423000	+0.270465	+0.424590	+0.000000
+0.424000	+0.270890	+0.424590	+0.000000
+0.425000	+0.271314	+0.424590	+0.000000
+0.426000	+0.272101	+0.786700	+0.000000
+0.427000	+0.272888	+0.786700	+0.000000
+0.428000	+0.273674	+0.786700	+0.000000
+0.429000	+0.274461	+0.786700	+0.000000
+0.430000	+0.275248	+0.786700	+0.000000
+0.431000	+0.276035	+0.786700	+0.000000
+0.432000	+0.276821	+0.786700	+0.000000
+0.433000	+0.277608	+0.786700	+0.000000
+0.434000	+0.278395	+0.786700	+0.000000
+0.435000	+0.279181	+0.786700	+0.000000
+0.436000	+0.279968	+0.786700	+0.000000
+0.437000	+0.280755	+0.786700	+0.000000
+0.438000	+0.281541	+0.786700	+0.000000
+0.439000	+0.282328	+0.786700	+0.000000
+0.440000	+0.283115	+0.786700	+0.000000
+0.441000	+0.283902	+0.786700	+0.000000
+0.442000	+0.284688	+0.786700	+0.000000
+0.443000	+0.285475	+0.786700	+0.000000
+0.444000	+0.286262	+0.786700	+0.000000
+0.445000	+0.287048	+0.786700	+0.000000
+0.446000	+0.287835	+0.786700	+0.000000
+0.447000	+0.288622	+0.786700	+0.000000
+0.448000	+0.289408	+0.786700	+0.000000
+0.449000	+0.290195	+0.786700	+0.000000
+0.450000	+0.290982	+0.786700	+0.000000
+0.451000	+0.290558	-0.423994	+0.000000
+0.452000	+0.290134	-0.423994	+0.000000
+0.453000	+0.289710	-0.423994	+0.000000
+0.454000	+0.289286	-0.423994	+0.000000
+0.455000	+0.288862	-0.423994	+0.000000
+0.456000	+0.288438	-0.423994	+0.000000
+0.457000	+0.288014	-0.423994	+0.000000
+0.458000	+0.287590	-0.423994	+0.000000
+0.459000	+0.287166	-0.423994	+0.000000
+0.460000	+0.286742	-0.423994	+0.000000
+0.461000	+0.286318	-0.423994	+0.000000
+0.462000	+0.285894	-0.423994	+0.000000
+0.463000	+0.285470	-0.423994	+0.000000
+0.464000	+0.285046	-0.423994	+0.000000
+0.465000	+0.284622	-0.423994	+0.000000
+0.466000	+0.284198	-0.423994	+0.000000
+0.467000	+0.283774	-0.423994	+0.000000
+0.468000	+0.283350	-0.423994	+0.000000
+0.469000	+0.282926	-0.423994	+0.000000
+0.470000	+0.282502	-0.423994	+0.000000
+0.471000	+0.282078	-0.423994	+0.000000
+0.472000	+0.281654	-0.423994	+0.000000
+0.473000	+0.281230	-0.423994	+0.000000
+0.474000	+0.280806	-0.423994	+0.000000
+0.475000	+0.280382	-0.423994	+0.000000
+0.476000	+0.282105	+1.723337	+0.000000
+0.477000	+0.283829	+1.723337	+0.000000
+0.478000	+0.285552	+1.723337	+0.000000
+0.479000	+0.287275	+1.723337	+0.000000
+0.480000	+0.288999	+1.723337	+0.000000
+0.481000	+0.290722	+1.723337	+0.000000
+0.482000	+0.292445	+1.723337	+0.000000
+0.483000	+0.294169	+1.723337	+0.000000
+0.484000	+0.295892	+1.723337	+0.000000
+0.485000	+0.297615	+1.723337	+0.000000
+0.486000	+0.299339	+1.723337	+0.000000
+0.487000	+0.301062	+1.723337	+0.000000
+0.488000	+0.302785	+1.723337	+0.000000
+0.489000	+0.304509	+1.723337	+0.000000
+0.490000	+0.306232	+1.723337	+0.000000
+0.491000	+0.307955	+1.723337	+0.000000
+0.492000	+0.309679	+1.723337	+0.000000
+0.493000	+0.311402	+1.723337	+0.000000
+0.494000	+0.313125	+1.723337	+0.000000
+0.495000	+0.314849	+1.723337	+0.000000
+0.496000	+0.316572	+1.723337	+0.000000
+0.497000	+0.318295	+1.723337	+0.000000
+0.498000	+0.320019	+1.723337	+0.000000
+0.499000	+0.321742	+1.723337	+0.000000
+0.500000	+0.323465	+1.723337	+0.000000
+0.501000	+0.323654	+0.188677	+0.000000
+0.502000	+0.323843	+0.188677	+0.000000
+0.503000	+0.324031	+0.188677	+0.000000
+0.504000	+0.324220	+0.188677	+0.000000
+0.505000	+0.324409	+0.188677	+0.000000
+0.506000	+0.324597	+0.188677	+0.000000
+0.507000	+0.324786	+0.188677	+0.000000
+0.508000	+0.324975	+0.188677	+0.000000
+0.509000	+0.325164	+0.188677	+0.000000
+0.510000	+0.325352	+0.188677	+0.000000
+0.511000	+0.325541	+0.188677	+0.000000
+0.512000	+0.325730	+0.188677	+0.000000
+0.513000	+0.325918	+0.188677	+0.000000
+0.514000	+0.326107	+0.188677	+0.000000
+0.515000	+0.326296	+0.188677	+0.000000
+0.516000	+0.326484	+0.188677	+0.000000
+0.517000	+0.326673	+0.188677	+0.000000
+0.518000	+0.326862	+0.188677	+0.000000
+0.519000	+0.327050	+0.188677	+0.000000
+0.520000	+0.327239	+0.188677	+0.000000
+0.521000	+0.327428	+0.188677	+0.000000
+0.522000	+0.327616	+0.188677	+0.000000
+0.523000	+0.327805	+0.188677	+0.000000
+0.524000	+0.327994	+0.188677	+0.000000
+0.525000	+0.328182	+0.188677	+0.000000
+0.526000	+0.329490	+1.308080	+0.000000
+0.527000	+0.330798	+1.308080	+0.000000
+0.528000	+0.332107	+1.308080	+0.000000
+0.529000	+0.333415	+1.308080	+0.000000
+0.530000	+0.334723	+1.308080	+0.000000
+0.531000	+0.336031	+1.308080	+0.000000
+0.532000	+0.337339	+1.308080	+0.000000
+0.533000	+0.338647	+1.308080	+0.000000
+0.534000	+0.339955	+1.308080	+0.000000
+0.535000	+0.341263	+1.308080	+0.000000
+0.536000	+0.342571	+1.308080	+0.000000
+0.537000	+0.343879	+1.308080	+0.000000
+0.538000	+0.345187	+1.308080	+0.000000
+0.539000	+0.346495	+1.308080	+0.000000
+0.540000	+0.347804	+1.308080	+0.000000
+0.541000	+0.349112	+1.308080	+0.000000
+0.542000	+0.350420	+1.308080	+0.000000
+0.543000	+0.351728	+1.308080	+0.000000
+0.544000	+0.353036	+1.308080	+0.000000
+0.545000	+0.354344	+1.308080	+0.000000
+0.546000	+0.355652	+1.308080	+0.000000
+0.547000	+0.356960	+1.308080	+0.000000
+0.548000	+0.358268	+1.308080	+0.000000
+0.549000	+0.359576	+1.308080	+0.000000
+0.550000	+0.360884	+1.308080	+0.000000
+0.551000	+0.361476	+0.591763	+0.000000
+0.552000	+0.362068	+0.591763	+0.000000
+0.553000	+0.362660	+0.591763	+0.000000
+0.554000	+0.363251	+0.591763	+0.000000
+0.555000	+0.363843	+0.591763	+0.000000
+0.556000	+0.364435	+0.591763	+0.000000
+0.557000	+0.365027	+0.591763	+0.000000
+0.558000	+0.365618	+0.591763	+0.000000
+0.559000	+0.366210	+0.591763	+0.000000
+0.560000	+0.366802	+0.591763	+0.000000
+0.561000	+0.367394	+0.591763	+0.000000
+0.562000	+0.367986	+0.591763	+0.000000
+0.563000	+0.368577	+0.591763	+0.000000
+0.564000	+0.369169	+0.591763	+0.000000
+0.565000	+0.369761	+0.591763	+0.000000
+0.566000	+0.370353	+0.591763	+0.000000
+0.567000	+0.370944	+0.591763	+0.000000
+0.568000	+0.371536	+0.591763	+0.000000
+0.569000	+0.372128	+0.591763	+0.000000
+0.570000	+0.372720	+0.591763	+0.000000
+0.571000	+0.373311	+0.591763	+0.000000
+0.572000	+0.373903	+0.591763	+0.000000
+0.573000	+0.374495	+0.591763	+0.000000
+0.574000	+0.375087	+0.591763	+0.000000
+0.575000	+0.375678	+0.591763	+0.000000
+0.576000	+0.375645	-0.033595	+0.000000
+0.577000	+0.375611	-0.033595	+0.000000
+0.578000	+0.375578	-0.033595	+0.000000
+0.579000	+0.375544	-0.033595	+0.000000
+0.580000	+0.375510	-0.033595	+0.000000
+0.581000	+0.375477	-0.033595	+0.000000
+0.582000	+0.375443	-0.033595	+0.000000
+0.583000	+0.375410	-0.033595	+0.000000
+0.584000	+0.375376	-0.033595	+0.000000
+0.585000	+0.375342	-0.033595	+0.000000
+0.586000	+0.375309	-0.033595	+0.000000
+0.587000	+0.375275	-0.033595	+0.000000
+0.588000	+0.375242	-0.033595	+0.000000
+0.589000	+0.375208	-0.033595	+0.000000
+0.590000	+0.375174	-0.033595	+0.000000
+0.591000	+0.375141	-0.033595	+0.000000
+0.592000	+0.375107	-0.033595	+0.000000
+0.593000	+0.375074	-0.033595	+0.000000
+0.594000	+0.375040	-0.033595	+0.000000
+0.595000	+0.375007	-0.033595	+0.000000
+0.596000	+0.374973	-0.033595	+0.000000
+0.597000	+0.374939	-0.033595	+0.000000
+0.598000	+0.374906	-0.033595	+0.000000
+0.599000	+0.374872	-0.033595	+0.000000
+0.600000	+0.374839	-0.033595	+0.000000
+0.601000	+0.375869	+1.030266	+0.000000
+0.602000	+0.376899	+1.030266	+0.000000
+0.603000	+0.377929	+1.030266	+0.000000
+0.604000	+0.378960	+1.030266	+0.000000
+0.605000	+0.379990	+1.030266	+0.000000
+0.606000	+0.381020	+1.030266	+0.000000
+0.607000	+0.382050	+1.030266	+0.000000
+0.608000	+0.383081	+1.030266	+0.000000
+0.609000	+0.384111	+1.030266	+0.000000
+0.610000	+0.385141	+1.030266	+0.000000
+0.611000	+0.386171	+1.030266	+0.000000
+0.612000	+0.387202	+1.030266	+0.000000
+0.613000	+0.388232	+1.030266	+0.000000
+0.614000	+0.389262	+1.030266	+0.000000
+0.615000	+0.390293	+1.030266	+0.000000
+0.616000	+0.391323	+1.030266	+0.000000
+0.617000	+0.392353	+1.030266	+0.000000
+0.618000	+0.393383	+1.030266	+0.000000
+0.619000	+0.394414	+1.030266	+0.000000
+0.620000	+0.395444	+1.030266	+0.000000
+0.621000	+0.396474	+1.030266	+0.000000
+0.622000	+0.397504	+1.030266	+0.000000
+0.623000	+0.398535	+1.030266	+0.000000
+0.624000	+0.399565	+1.030266	+0.000000
+0.625000	+0.400595	+1.030266	+0.000000
+0.626000	+0.399716	-0.878828	+0.000000
+0.627000	+0.398838	-0.878828	+0.000000
+0.628000	+0.397959	-0.878828	+0.000000
+0.629000	+0.397080	-0.878828	+0.000000
+0.630000	+0.396201	-0.878828	+0.000000
+0.631000	+0.395322	-0.878828	+0.000000
+0.632000	+0.394443	-0.878828	+0.000000
+0.633000	+0.393565	-0.878828	+0.000000
+0.634000	+0.392686	-0.878828	+0.000000
+0.635000	+0.391807	-0.878828	+0.000000
+0.636000	+0.390928	-0.878828	+0.000000
+0.637000	+0.390049	-0.878828	+0.000000
+0.638000	+0.389170	-0.878828	+0.000000
+0.639000	+0.388292	-0.878828	+0.000000
+0.640000	+0.387413	-0.878828	+0.000000
+0.641000	+0.386534	-0.878828	+0.000000
+0.642000	+0.385655	-0.878828	+0.000000
+0.643000	+0.384776	-0.878828	+0.000000
+0.644000	+0.383897	-0.878828	+0.000000
+0.645000	+0.383019	-0.878828	+0.000000
+0.646000	+0.382140	-0.878828	+0.000000
+0.647000	+0.381261	-0.878828	+0.000000
+0.648000	+0.380382	-0.878828	+0.000000
+0.649000	+0.379503	-0.878828	+0.000000
+0.650000	+0.378624	-0.878828	+0.000000
+0.651000	+0.380891	+2.266802	+0.000000
+0.652000	+0.383158	+2.266802	+0.000000
+0.653000	+0.385425	+2.266802	+0.000000
+0.654000	+0.387692	+2.266802	+0.000000
+0.655000	+0.389958	+2.266802	+0.000000
+0.656000	+0.392225	+2.266802	+0.000000
+0.657000	+0.394492	+2.266802	+0.000000
+0.658000	+0.396759	+2.266802	+0.000000
+0.659000	+0.399026	+2.266802	+0.000000
+0.660000	+0.401293	+2.266802	+0.000000
+0.661000	+0.403559	+2.266802	+0.000000
+0.662000	+0.405826	+2.266802	+0.000000
+0.663000	+0.408093	+2.266802	+0.000000
+0.664000	+0.410360	+2.266802	+0.000000
+0.665000	+0.412627	+2.266802	+0.000000
+0.666000	+0.414893	+2.266802	+0.000000
+0.667000	+0.417160	+2.266802	+0.000000
+0.668000	+0.419427	+2.266802	+0.000000
+0.669000	+0.421694	+2.266802	+0.000000
+0.670000	+0.423961	+2.266802	+0.000000
+0.671000	+0.426227	+2.266802	+0.000000
+0.672000	+0.428494	+2.266802	+0.000000
+0.673000	+0.430761	+2.266802	+0.000000
+0.674000	+0.433028	+2.266802	+0.000000
+0.675000	+0.435295	+2.266802	+0.000000
+0.676000	+0.435655	+0.359975	+0.000000
+0.677000	+0.436014	+0.359975	+0.000000
+0.678000	+0.436374	+0.359975	+0.000000
+0.679000	+0.436734	+0.359975	+0.000000
+0.680000	+0.437094	+0.359975	+0.000000
+0.681000	+0.437454	+0.359975	+0.000000
+0.682000	+0.437814	+0.359975	+0.000000
+0.683000	+0.438174	+0.359975	+0.000000
+0.684000	+0.438534	+0.359975	+0.000000
+0.685000	+0.438894	+0.359975	+0.000000
+0.686000	+0.439254	+0.359975	+0.000000
+0.687000	+0.439614	+0.359975	+0.000000
+0.688000	+0.439974	+0.359975	+0.000000
+0.689000	+0.440334	+0.359975	+0.000000
+0.690000	+0.440694	+0.359975	+0.000000
+0.691000	+0.441054	+0.359975	+0.000000
+0.692000	+0.441414	+0.359975	+0.000000
+0.693000	+0.441774	+0.359975	+0.000000
+0.694000	+0.442134	+0.359975	+0.000000
+0.695000	+0.442494	+0.359975	+0.000000
+0.696000	+0.442854	+0.359975	+0.000000
+0.697000	+0.443214	+0.359975	+0.000000
+0.698000	+0.443574	+0.359975	+0.000000
+0.699000	+0.443934	+0.359975	+0.000000
+0.700000	+0.444294	+0.359975	+0.000000
+0.701000	+0.445459	+1.165242	+0.000000
+0.702000	+0.446624	+1.165242	+0.000000
+0.703000	+0.447790	+1.165242	+0.000000
+0.704000	+0.448955	+1.165242	+0.000000
+0.705000	+0.450120	+1.165242	+0.000000
+0.706000	+0.451285	+1.165242	+0.000000
+0.707000	+0.452451	+1.165242	+0.000000
+0.708000	+0.453616	+1.165242	+0.000000
+0.709000	+0.454781	+1.165242	+0.000000
+0.710000	+0.455946	+1.165242	+0.000000
+0.711000	+0.457112	+1.165242	+0.000000
+0.712000	+0.458277	+1.165242	+0.000000
+0.713000	+0.459442	+1.165242	+0.000000
+0.714000	+0.460607	+1.165242	+0.000000
+0.715000	+0.461773	+1.165242	+0.000000
+0.716000	+0.462938	+1.165242	+0.000000
+0.717000	+0.464103	+1.165242	+0.000000
+0.718000	+0.465268	+1.165242	+0.000000
+0.719000	+0.466434	+1.165242	+0.000000
+0.720000	+0.467599	+1.165242	+0.000000
+0.721000	+0.468764	+1.165242	+0.000000
+0.722000	+0.469929	+1.165242	+0.000000
+0.723000	+0.471094	+1.165242	+0.000000
+0.724000	+0.472260	+1.165242	+0.000000
+0.725000	+0.473425	+1.165242	+0.000000
+0.726000	+0.474189	+0.764250	+0.000000
+0.727000	+0.474953	+0.764250	+0.000000
+0.728000	+0.475718	+0.764250	+0.000000
+0.729000	+0.476482	+0.764250	+0.000000
+0.730000	+0.477246	+0.764250	+0.000000
+0.731000	+0.478010	+0.764250	+0.000000
+0.732000	+0.478775	+0.764250	+0.000000
+0.733000	+0.479539	+0.764250	+0.000000
+0.734000	+0.480303	+0.764250	+0.000000
+0.735000	+0.481067	+0.764250	+0.000000
+0.736000	+0.481832	+0.764250	+0.000000
+0.737000	+0.482596	+0.764250	+0.000000
+0.738000	+0.483360	+0.764250	+0.000000
+0.739000	+0.484124	+0.764250	+0.000000
+0.740000	+0.484889	+0.764250	+0.000000
+0.741000	+0.485653	+0.764250	+0.000000
+0.742000	+0.486417	+0.764250	+0.000000
+0.743000	+0.487181	+0.764250	+0.000000
+0.744000	+0.487946	+0.764250	+0.000000
+0.745000	+0.488710	+0.764250	+0.000000
+0.746000	+0.489474	+0.764250	+0.000000
+0.747000	+0.490238	+0.764250	+0.000000
+0.748000	+0.491003	+0.764250	+0.000000
+0.749000	+0.491767	+0.764250	+0.000000
+0.750000	+0.492531	+0.764250	+0.000000
+0.751000	+0.491982	-0.548812	+0.000000
+0.752000	+0.491434	-0.548812	+0.000000
+0.753000	+0.490885	-0.548812	+0.000000
+0.754000	+0.490336	-0.548812	+0.000000
+0.755000	+0.489787	-0.548812	+0.000000
+0.756000	+0.489238	-0.548812	+0.000000
+0.757000	+0.488690	-0.548812	+0.000000
+0.758000	+0.488141	-0.548812	+0.000000
+0.759000	+0.487592	-0.548812	+0.000000
+0.760000	+0.487043	-0.548812	+0.000000
+0.761000	+0.486494	-0.548812	+0.000000
+0.762000	+0.485945	-0.548812	+0.000000
+0.763000	+0.485397	-0.548812	+0.000000
+0.764000	+0.484848	-0.548812	+0.000000
+0.765000	+0.484299	-0.548812	+0.000000
+0.766000	+0.483750	-0.548812	+0.000000
+0.767000	+0.483201	-0.548812	+0.000000
+0.768000	+0.482653	-0.548812	+0.000000
+0.769000	+0.482104	-0.548812	+0.000000
+0.770000	+0.481555	-0.548812	+0.000000
+0.771000	+0.481006	-0.548812	+0.000000
+0.772000	+0.480457	-0.548812	+0.000000
+0.773000	+0.479909	-0.548812	+0.000000
+0.774000	+0.479360	-0.548812	+0.000000
+0.775000	+0.478811	-0.548812	+0.000000
+0.776000	+0.480450	+1.638838	+0.000000
+0.777000	+0.482089	+1.638838	+0.000000
+0.778000	+0.483727	+1.638838	+0.000000
+0.779000	+0.485366	+1.638838	+0.000000
+0.780000	+0.487005	+1.638838	+0.000000
+0.781000	+0.488644	+1.638838	+0.000000
+0.782000	+0.490283	+1.638838	+0.000000
+0.783000	+0.491922	+1.638838	+0.000000
+0.784000	+0.493560	+1.638838	+0.000000
+0.785000	+0.495199	+1.638838	+0.000000
+0.786000	+0.496838	+1.638838	+0.000000
+0.787000	+0.498477	+1.638838	+0.000000
+0.788000	+0.500116	+1.638838	+0.000000
+0.789000	+0.501755	+1.638838	+0.000000
+0.790000	+0.503393	+1.638838	+0.000000
+0.791000	+0.505032	+1.638838	+0.000000
+0.792000	+0.506671	+1.638838	+0.000000
+0.793000	+0.508310	+1.638838	+0.000000
+0.794000	+0.509949	+1.638838	+0.000000
+0.795000	+0.511588	+1.638838	+0.000000
+0.796000	+0.513227	+1.638838	+0.000000
+0.797000	+0.514865	+1.638838	+0.000000
+0.798000	+0.516504	+1.638838	+0.000000
+0.799000	+0.518143	+1.638838	+0.000000
+0.800000	+0.519782	+1.638838	+0.000000
+0.801000	+0.518914	-0.867594	+0.000000
+0.802000	+0.518047	-0.867594	+0.000000
+0.803000	+0.517179	-0.867594	+0.000000
+0.804000	+0.516312	-0.867594	+0.000000
+0.805000	+0.515444	-0.867594	+0.000000
+0.806000	+0.514576	-0.867594	+0.000000
+0.807000	+0.513709	-0.867594	+0.000000
+0.808000	+0.512841	-0.867594	+0.000000
+0.809000	+0.511974	-0.867594	+0.000000
+0.810000	+0.511106	-0.867594	+0.000000
+0.811000	+0.510238	-0.867594	+0.000000
+0.812000	+0.509371	-0.867594	+0.000000
+0.813000	+0.508503	-0.867594	+0.000000
+0.814000	+0.507636	-0.867594	+0.000000
+0.815000	+0.506768	-0.867594	+0.000000
+0.816000	+0.505900	-0.867594	+0.000000
+0.817000	+0.505033	-0.867594	+0.000000
+0.818000	+0.504165	-0.867594	+0.000000
+0.819000	+0.503298	-0.867594	+0.000000
+0.820000	+0.502430	-0.867594	+0.000000
+0.821000	+0.501562	-0.867594	+0.000000
+0.822000	+0.500695	-0.867594	+0.000000
+0.823000	+0.499827	-0.867594	+0.000000
+0.824000	+0.498960	-0.867594	+0.000000
+0.825000	+0.498092	-0.867594	+0.000000
+0.826000	+0.500395	+2.302805	+0.000000
+0.827000	+0.502698	+2.302805	+0.000000
+0.828000	+0.505000	+2.302805	+0.000000
+0.829000	+0.507303	+2.302805	+0.000000
+0.830000	+0.509606	+2.302805	+0.000000
+0.831000	+0.511909	+2.302805	+0.000000
+0.832000	+0.514212	+2.302805	+0.000000
+0.833000	+0.516514	+2.302805	+0.000000
+0.834000	+0.518817	+2.302805	+0.000000
+0.835000	+0.521120	+2.302805	+0.000000
+0.836000	+0.523423	+2.302805	+0.000000
+0.837000	+0.525726	+2.302805	+0.000000
+0.838000	+0.528028	+2.302805	+0.000000
+0.839000	+0.530331	+2.302805	+0.000000
+0.840000	+0.532634	+2.302805	+0.000000
+0.841000	+0.534937	+2.302805	+0.000000
+0.842000	+0.537240	+2.302805	+0.000000
+0.843000	+0.539543	+2.302805	+0.000000
+0.844000	+0.541845	+2.302805	+0.000000
+0.845000	+0.544148	+2.302805	+0.000000
+0.846000	+0.546451	+2.302805	+0.000000
+0.847000	+0.548754	+2.302805	+0.000000
+0.848000	+0.551057	+2.302805	+0.000000
+0.849000	+0.553359	+2.302805	+0.000000
+0.850000	+0.555662	+2.302805	+0.000000
+0.851000	+0.555984	+0.321994	+0.000000
+0.852000	+0.556306	+0.321994	+0.000000
+0.853000	+0.556628	+0.321994	+0.000000
+0.854000	+0.556950	+0.321994	+0.000000
+0.855000	+0.557272	+0.321994	+0.000000
+0.856000	+0.557594	+0.321994	+0.000000
+0.857000	+0.557916	+0.321994	+0.000000
+0.858000	+0.558238	+0.321994	+0.000000
+0.859000	+0.558560	+0.321994	+0.000000
+0.860000	+0.558882	+0.321994	+0.000000
+0.861000	+0.559204	+0.321994	+0.000000
+0.862000	+0.559526	+0.321994	+0.000000
+0.863000	+0.559848	+0.321994	+0.000000
+0.864000	+0.560170	+0.321994	+0.000000
+0.865000	+0.560492	+0.321994	+0.000000
+0.866000	+0.560814	+0.321994	+0.000000
+0.867000	+0.561136	+0.321994	+0.000000
+0.868000	+0.561458	+0.321994	+0.000000
+0.869000	+0.561780	+0.321994	+0.000000
+0.870000	+0.562102	+0.321994	+0.000000
+0.871000	+0.562424	+0.321994	+0.000000
+0.872000	+0.562746	+0.321994	+0.000000
+0.873000	+0.563068	+0.321994	+0.000000
+0.874000	+0.563390	+0.321994	+0.000000
+0.875000	+0.563712	+0.321994	+0.000000
+0.876000	+0.564251	+0.539409	+0.000000
+0.877000	+0.564791	+0.539409	+0.000000
+0.878000	+0.565330	+0.539409	+0.000000
+0.879000	+0.565870	+0.539409	+0.000000
+0.880000	+0.566409	+0.539409	+0.000000
+0.881000	+0.566948	+0.539409	+0.000000
+0.882000	+0.567488	+0.539409	+0.000000
+0.883000	+0.568027	+0.539409	+0.000000
+0.884000	+0.568567	+0.539409	+0.000000
+0.885000	+0.569106	+0.539409	+0.000000
+0.886000	+0.569645	+0.539409	+0.000000
+0.887000	+0.570185	+0.539409	+0.000000
+0.888000	+0.570724	+0.539409	+0.000000
+0.889000	+0.571264	+0.539409	+0.000000
+0.890000	+0.571803	+0.539409	+0.000000
+0.891000	+0.572343	+0.539409	+0.000000
+0.892000	+0.572882	+0.539409	+0.000000
+0.893000	+0.573421	+0.539409	+0.000000
+0.894000	+0.573961	+0.539409	+0.000000
+0.895000	+0.574500	+0.539409	+0.000000
+0.896000	+0.575040	+0.539409	+0.000000
+0.897000	+0.575579	+0.539409	+0.000000
+0.898000	+0.576118	+0.539409	+0.000000
+0.899000	+0.576658	+0.539409	+0.000000
+0.900000	+0.577197	+0.539409	+0.000000
+0.901000	+0.577946	+0.749066	+0.000000
+0.902000	+0.578695	+0.749066	+0.000000
+0.903000	+0.579444	+0.749066	+0.000000
+0.904000	+0.580193	+0.749066	+0.000000
+0.905000	+0.580943	+0.749066	+0.000000
+0.906000	+0.581692	+0.749066	+0.000000
+0.907000	+0.582441	+0.749066	+0.000000
+0.908000	+0.583190	+0.749066	+0.000000
+0.909000	+0.583939	+0.749066	+0.000000
+0.910000	+0.584688	+0.749066	+0.000000
+0.911000	+0.585437	+0.749066	+0.000000
+0.912000	+0.586186	+0.749066	+0.000000
+0.913000	+0.586935	+0.749066	+0.000000
+0.914000	+0.587684	+0.749066	+0.000000
+0.915000	+0.588433	+0.749066	+0.000000
+0.916000	+0.589182	+0.749066	+0.000000
+0.917000	+0.589931	+0.749066	+0.000000
+0.918000	+0.590680	+0.749066	+0.000000
+0.919000	+0.591429	+0.749066	+0.000000
+0.920000	+0.592179	+0.749066	+0.000000
+0.921000	+0.592928	+0.749066	+0.000000
+0.922000	+0.593677	+0.749066	+0.000000
+0.923000	+0.594426	+0.749066	+0.000000
+0.924000	+0.595175	+0.749066	+0.000000
+0.925000	+0.595924	+0.749066	+0.000000
+0.926000	+0.594433	-1.490548	+0.000000
+0.927000	+0.592943	-1.490548	+0.000000
+0.928000	+0.591452	-1.490548	+0.000000
+0.929000	+0.589962	-1.490548	+0.000000
+0.930000	+0.588471	-1.490548	+0.000000
+0.931000	+0.586981	-1.490548	+0.000000
+0.932000	+0.585490	-1.490548	+0.000000
+0.933000	+0.583999	-1.490548	+0.000000
+0.934000	+0.582509	-1.490548	+0.000000
+0.935000	+0.581018	-1.490548	+0.000000
+0.936000	+0.579528	-1.490548	+0.000000
+0.937000	+0.578037	-1.490548	+0.000000
+0.938000	+0.576547	-1.490548	+0.000000
+0.939000	+0.575056	-1.490548	+0.000000
+0.940000	+0.573566	-1.490548	+0.000000
+0.941000	+0.572075	-1.490548	+0.000000
+0.942000	+0.570585	-1.490548	+0.000000
+0.943000	+0.569094	-1.490548	+0.000000
+0.944000	+0.567603	-1.490548	+0.000000
+0.945000	+0.566113	-1.490548	+0.000000
+0.946000	+0.564622	-1.490548	+0.000000
+0.947000	+0.563132	-1.490548	+0.000000
+0.948000	+0.561641	-1.490548	+0.000000
+0.949000	+0.560151	-1.490548	+0.000000
+0.950000	+0.558660	-1.490548	+0.000000
+0.951000	+0.560699	+2.038797	+0.000000
+0.952000	+0.562738	+2.038797	+0.000000
+0.953000	+0.564777	+2.038797	+0.000000
+0.954000	+0.566815	+2.038797	+0.000000
+0.955000	+0.568854	+2.038797	+0.000000
+0.956000	+0.570893	+2.038797	+0.000000
+0.957000	+0.572932	+2.038797	+0.000000
+0.958000	+0.574971	+2.038797	+0.000000
+0.959000	+0.577009	+2.038797	+0.000000
+0.960000	+0.579048	+2.038797	+0.000000
+0.961000	+0.581087	+2.038797	+0.000000
+0.962000	+0.583126	+2.038797	+0.000000
+0.963000	+0.585165	+2.038797	+0.000000
+0.964000	+0.587203	+2.038797	+0.000000
+0.965000	+0.589242	+2.038797	+0.000000
+0.966000	+0.591281	+2.038797	+0.000000
+0.967000	+0.593320	+2.038797	+0.000000
+0.968000	+0.595359	+2.038797	+0.000000
+0.969000	+0.597397	+2.038797	+0.000000
+0.970000	+0.599436	+2.038797	+0.000000
+0.971000	+0.601475	+2.038797	+0.000000
+0.972000	+0.603514	+2.038797	+0.000000
+0.973000	+0.605552	+2.038797	+0.000000
+0.974000	+0.607591	+2.038797	+0.000000
+0.975000	+0.609630	+2.038797	+0.000000
+0.976000	+0.608400	-1.229726	+0.000000
+0.977000	+0.607171	-1.229726	+0.000000
+0.978000	+0.605941	-1.229726	+0.000000
+0.979000	+0.604711	-1.229726	+0.000000
+0.980000	+0.603481	-1.229726	+0.000000
+0.981000	+0.602252	-1.229726	+0.000000
+0.982000	+0.601022	-1.229726	+0.000000
+0.983000	+0.599792	-1.229726	+0.000000
+0.984000	+0.598563	-1.229726	+0.000000
+0.985000	+0.597333	-1.229726	+0.000000
+0.986000	+0.596103	-1.229726	+0.000000
+0.987000	+0.594873	-1.229726	+0.000000
+0.988000	+0.593644	-1.229726	+0.000000
+0.989000	+0.592414	-1.229726	+0.000000
+0.990000	+0.591184	-1.229726	+0.000000
+0.991000	+0.589954	-1.229726	+0.000000
+0.992000	+0.588725	-1.229726	+0.000000
+0.993000	+0.587495	-1.229726	+0.000000
+0.994000	+0.586265	-1.229726	+0.000000
+0.995000	+0.585036	-1.229726	+0.000000
+0.996000	+0.583806	-1.229726	+0.000000
+0.997000	+0.582576	-1.229726	+0.000000
+0.998000	+0.581346	-1.229726	+0.000000
+0.999000	+0.580117	-1.229726	+0.000000
+1.000000	+0.578887	-1.229726	+0.000000
