a=	+0.000000	b=	+7.000000	n=	+56	h=	+0.125000
x	g(x)	g'(x)	g''(x)
+0.000000	+0.000000	+0.999999	+0.000000
+0.010000	+0.010000	+0.999949	-0.009987
+0.020000	+0.019999	+0.999799	-0.019974
+0.030000	+0.029995	+0.999549	-0.029961
+0.040000	+0.039989	+0.999200	-0.039948
+0.050000	+0.049979	+0.998750	-0.049935
+0.060000	+0.059964	+0.998201	-0.059922
+0.070000	+0.069943	+0.997552	-0.069909
+0.080000	+0.079915	+0.996803	-0.079896
+0.090000	+0.089879	+0.995954	-0.089883
+0.100000	+0.099833	+0.995005	-0.099870
+0.110000	+0.109778	+0.993957	-0.109857
+0.120000	+0.119712	+0.992808	-0.119844
+0.130000	+0.129634	+0.991560	-0.129753
+0.140000	+0.139543	+0.990213	-0.139584
+0.150000	+0.149438	+0.988768	-0.149415
+0.160000	+0.159318	+0.987225	-0.159246
+0.170000	+0.169182	+0.985583	-0.169077
+0.180000	+0.179029	+0.983843	-0.178908
+0.190000	+0.188859	+0.982005	-0.188739
+0.200000	+0.198669	+0.980069	-0.198571
+0.210000	+0.208460	+0.978034	-0.208402
+0.220000	+0.218230	+0.975900	-0.218233
+0.230000	+0.227978	+0.973669	-0.228064
+0.240000	+0.237703	+0.971339	-0.237895
+0.250000	+0.247404	+0.968911	-0.247726
+0.260000	+0.257081	+0.966386	-0.257248
+0.270000	+0.266731	+0.963766	-0.266770
+0.280000	+0.276356	+0.961051	-0.276292
+0.290000	+0.285952	+0.958240	-0.285814
+0.300000	+0.295520	+0.955335	-0.295336
+0.310000	+0.305058	+0.952334	-0.304858
+0.320000	+0.314566	+0.949237	-0.314379
+0.330000	+0.324043	+0.946046	-0.323901
+0.340000	+0.333487	+0.942759	-0.333423
+0.350000	+0.342898	+0.939378	-0.342945
+0.360000	+0.352274	+0.935900	-0.352467
+0.370000	+0.361615	+0.932328	-0.361989
+0.380000	+0.370920	+0.928661	-0.371282
+0.390000	+0.380188	+0.924903	-0.380346
+0.400000	+0.389418	+0.921054	-0.389410
+0.410000	+0.398609	+0.917115	-0.398474
+0.420000	+0.407760	+0.913085	-0.407538
+0.430000	+0.416871	+0.908964	-0.416602
+0.440000	+0.425939	+0.904753	-0.425666
+0.450000	+0.434965	+0.900451	-0.434730
+0.460000	+0.443948	+0.896058	-0.443794
+0.470000	+0.452886	+0.891575	-0.452858
+0.480000	+0.461779	+0.887001	-0.461922
+0.490000	+0.470626	+0.882337	-0.470986
+0.500000	+0.479426	+0.877581	-0.480050
+0.510000	+0.488177	+0.872739	-0.488515
+0.520000	+0.496880	+0.867811	-0.496980
+0.530000	+0.505533	+0.862799	-0.505444
+0.540000	+0.514136	+0.857702	-0.513909
+0.550000	+0.522687	+0.852521	-0.522374
+0.560000	+0.531186	+0.847255	-0.530839
+0.570000	+0.539632	+0.841904	-0.539303
+0.580000	+0.548024	+0.836469	-0.547768
+0.590000	+0.556361	+0.830949	-0.556233
+0.600000	+0.564642	+0.825344	-0.564698
+0.610000	+0.572867	+0.819655	-0.573162
+0.620000	+0.581035	+0.813881	-0.581627
+0.630000	+0.589145	+0.808023	-0.589726
+0.640000	+0.597195	+0.802087	-0.597460
+0.650000	+0.605186	+0.796074	-0.605193
+0.660000	+0.613117	+0.789983	-0.612926
+0.670000	+0.620986	+0.783815	-0.620660
+0.680000	+0.628793	+0.777570	-0.628393
+0.690000	+0.636537	+0.771247	-0.636126
+0.700000	+0.644217	+0.764848	-0.643860
+0.710000	+0.651833	+0.758370	-0.651593
+0.720000	+0.659384	+0.751816	-0.659327
+0.730000	+0.666870	+0.745184	-0.667060
+0.740000	+0.674288	+0.738474	-0.674793
+0.750000	+0.681639	+0.731688	-0.682527
+0.760000	+0.688921	+0.724828	-0.689408
+0.770000	+0.696135	+0.717900	-0.696289
+0.780000	+0.703279	+0.710902	-0.703171
+0.790000	+0.710353	+0.703836	-0.710052
+0.800000	+0.717356	+0.696701	-0.716933
+0.810000	+0.724287	+0.689498	-0.723815
+0.820000	+0.731145	+0.682225	-0.730696
+0.830000	+0.737931	+0.674884	-0.737577
+0.840000	+0.744643	+0.667474	-0.744459
+0.850000	+0.751280	+0.659995	-0.751340
+0.860000	+0.757842	+0.652447	-0.758221
+0.870000	+0.764329	+0.644830	-0.765103
+0.880000	+0.770739	+0.637146	-0.771504
+0.890000	+0.777072	+0.629401	-0.777426
+0.900000	+0.783327	+0.621597	-0.783348
+0.910000	+0.789503	+0.613734	-0.789270
+0.920000	+0.795601	+0.605812	-0.795192
+0.930000	+0.801619	+0.597830	-0.801114
+0.940000	+0.807558	+0.589790	-0.807036
+0.950000	+0.813415	+0.581690	-0.812958
+0.960000	+0.819191	+0.573531	-0.818880
+0.970000	+0.824885	+0.565312	-0.824802
+0.980000	+0.830497	+0.557034	-0.830723
+0.990000	+0.836026	+0.548698	-0.836645
+1.000000	+0.841471	+0.540302	-0.842567
+1.010000	+0.846832	+0.531852	-0.847437
+1.020000	+0.852108	+0.523353	-0.852307
+1.030000	+0.857299	+0.514805	-0.857177
+1.040000	+0.862404	+0.506209	-0.862047
+1.050000	+0.867423	+0.497564	-0.866918
+1.060000	+0.872355	+0.488871	-0.871788
+1.070000	+0.877200	+0.480129	-0.876658
+1.080000	+0.881957	+0.471338	-0.881528
+1.090000	+0.886627	+0.462498	-0.886398
+1.100000	+0.891207	+0.453610	-0.891268
+1.110000	+0.895699	+0.444673	-0.896138
+1.120000	+0.900100	+0.435687	-0.901008
+1.130000	+0.904412	+0.426654	-0.905314
+1.140000	+0.908633	+0.417582	-0.909056
+1.150000	+0.912764	+0.408473	-0.912799
+1.160000	+0.916803	+0.399326	-0.916541
+1.170000	+0.920750	+0.390142	-0.920283
+1.180000	+0.924605	+0.380921	-0.924025
+1.190000	+0.928368	+0.371662	-0.927768
+1.200000	+0.932039	+0.362365	-0.931510
+1.210000	+0.935616	+0.353031	-0.935252
+1.220000	+0.939099	+0.343660	-0.938994
+1.230000	+0.942489	+0.334252	-0.942736
+1.240000	+0.945784	+0.324805	-0.946479
+1.250000	+0.948985	+0.315322	-0.950221
+1.260000	+0.952090	+0.305807	-0.952777
+1.270000	+0.955101	+0.296266	-0.955333
+1.280000	+0.958016	+0.286700	-0.957889
+1.290000	+0.960835	+0.277109	-0.960445
+1.300000	+0.963558	+0.267491	-0.963001
+1.310000	+0.966184	+0.257849	-0.965557
+1.320000	+0.968715	+0.248180	-0.968113
+1.330000	+0.971148	+0.238486	-0.970669
+1.340000	+0.973484	+0.228767	-0.973225
+1.350000	+0.975723	+0.219022	-0.975781
+1.360000	+0.977864	+0.209251	-0.978337
+1.370000	+0.979908	+0.199455	-0.980893
+1.380000	+0.981854	+0.189635	-0.982836
+1.390000	+0.983701	+0.179800	-0.984166
+1.400000	+0.985449	+0.169952	-0.985496
+1.410000	+0.987100	+0.160090	-0.986826
+1.420000	+0.988651	+0.150215	-0.988155
+1.430000	+0.990104	+0.140327	-0.989485
+1.440000	+0.991458	+0.130425	-0.990815
+1.450000	+0.992712	+0.120511	-0.992145
+1.460000	+0.993868	+0.110582	-0.993475
+1.470000	+0.994924	+0.100641	-0.994805
+1.480000	+0.995881	+0.090686	-0.996135
+1.490000	+0.996738	+0.080718	-0.997465
+1.500000	+0.997495	+0.070737	-0.998794
+1.510000	+0.998152	+0.060749	-0.998877
+1.520000	+0.998710	+0.050760	-0.998961
+1.530000	+0.999168	+0.040770	-0.999044
+1.540000	+0.999525	+0.030779	-0.999127
+1.550000	+0.999783	+0.020787	-0.999210
+1.560000	+0.999941	+0.010794	-0.999293
+1.570000	+0.999999	+0.000801	-0.999376
+1.580000	+0.999957	-0.009193	-0.999459
+1.590000	+0.999815	-0.019188	-0.999542
+1.600000	+0.999573	-0.029184	-0.999625
+1.610000	+0.999232	-0.039181	-0.999708
+1.620000	+0.998790	-0.049178	-0.999791
+1.630000	+0.998248	-0.059175	-0.999250
+1.640000	+0.997606	-0.069161	-0.998084
+1.650000	+0.996865	-0.079136	-0.996919
+1.660000	+0.996024	-0.089100	-0.995754
+1.670000	+0.995083	-0.099052	-0.994589
+1.680000	+0.994043	-0.108992	-0.993424
+1.690000	+0.992903	-0.118920	-0.992259
+1.700000	+0.991664	-0.128837	-0.991094
+1.710000	+0.990326	-0.138742	-0.989928
+1.720000	+0.988889	-0.148635	-0.988763
+1.730000	+0.987354	-0.158517	-0.987598
+1.740000	+0.985719	-0.168387	-0.986433
+1.750000	+0.983986	-0.178246	-0.985268
+1.760000	+0.982154	-0.188087	-0.982873
+1.770000	+0.980224	-0.197903	-0.980478
+1.780000	+0.978196	-0.207696	-0.978082
+1.790000	+0.976070	-0.217465	-0.975687
+1.800000	+0.973847	-0.227210	-0.973292
+1.810000	+0.971526	-0.236931	-0.970897
+1.820000	+0.969109	-0.246628	-0.968502
+1.830000	+0.966594	-0.256301	-0.966107
+1.840000	+0.963983	-0.265950	-0.963712
+1.850000	+0.961275	-0.275575	-0.961317
+1.860000	+0.958471	-0.285176	-0.958921
+1.870000	+0.955572	-0.294753	-0.956526
+1.880000	+0.952576	-0.304305	-0.953535
+1.890000	+0.949486	-0.313823	-0.949947
+1.900000	+0.946300	-0.323304	-0.946359
+1.910000	+0.943020	-0.332750	-0.942772
+1.920000	+0.939645	-0.342160	-0.939184
+1.930000	+0.936176	-0.351534	-0.935596
+1.940000	+0.932614	-0.360872	-0.932008
+1.950000	+0.928959	-0.370174	-0.928421
+1.960000	+0.925211	-0.379440	-0.924833
+1.970000	+0.921370	-0.388670	-0.921245
+1.980000	+0.917438	-0.397865	-0.917657
+1.990000	+0.913413	-0.407024	-0.914070
+2.000000	+0.909297	-0.416146	-0.910482
+2.010000	+0.905091	-0.425227	-0.905758
+2.020000	+0.900793	-0.434261	-0.901033
+2.030000	+0.896405	-0.443248	-0.896309
+2.040000	+0.891928	-0.452188	-0.891585
+2.050000	+0.887362	-0.461080	-0.886860
+2.060000	+0.882707	-0.469925	-0.882136
+2.070000	+0.877964	-0.478723	-0.877412
+2.080000	+0.873132	-0.487473	-0.872687
+2.090000	+0.868214	-0.496176	-0.867963
+2.100000	+0.863209	-0.504832	-0.863238
+2.110000	+0.858118	-0.513441	-0.858514
+2.120000	+0.852940	-0.522003	-0.853790
+2.130000	+0.847678	-0.530516	-0.848534
+2.140000	+0.842330	-0.538972	-0.842747
+2.150000	+0.836899	-0.547370	-0.836959
+2.160000	+0.831383	-0.555711	-0.831172
+2.170000	+0.825785	-0.563994	-0.825385
+2.180000	+0.820103	-0.572219	-0.819598
+2.190000	+0.814340	-0.580386	-0.813810
+2.200000	+0.808496	-0.588495	-0.808023
+2.210000	+0.802571	-0.596546	-0.802236
+2.220000	+0.796565	-0.604540	-0.796449
+2.230000	+0.790480	-0.612475	-0.790661
+2.240000	+0.784316	-0.620353	-0.784874
+2.250000	+0.778073	-0.628173	-0.779087
+2.260000	+0.771753	-0.635930	-0.772327
+2.270000	+0.765355	-0.643619	-0.765567
+2.280000	+0.758880	-0.651241	-0.758807
+2.290000	+0.752330	-0.658795	-0.752047
+2.300000	+0.745705	-0.666282	-0.745288
+2.310000	+0.739005	-0.673701	-0.738528
+2.320000	+0.732231	-0.681053	-0.731768
+2.330000	+0.725384	-0.688337	-0.725008
+2.340000	+0.718464	-0.695553	-0.718248
+2.350000	+0.711473	-0.702702	-0.711488
+2.360000	+0.704411	-0.709783	-0.704729
+2.370000	+0.697278	-0.716796	-0.697969
+2.380000	+0.690075	-0.723741	-0.690775
+2.390000	+0.682803	-0.730611	-0.683148
+2.400000	+0.675463	-0.737404	-0.675521
+2.410000	+0.668055	-0.744121	-0.667894
+2.420000	+0.660581	-0.750762	-0.660267
+2.430000	+0.653040	-0.757326	-0.652640
+2.440000	+0.645435	-0.763815	-0.645014
+2.450000	+0.637764	-0.770227	-0.637387
+2.460000	+0.630030	-0.776562	-0.629760
+2.470000	+0.622233	-0.782822	-0.622133
+2.480000	+0.614374	-0.789005	-0.614506
+2.490000	+0.606453	-0.795112	-0.606879
+2.500000	+0.598472	-0.801143	-0.599252
+2.510000	+0.590431	-0.807093	-0.590877
+2.520000	+0.582331	-0.812960	-0.582502
+2.530000	+0.574172	-0.818743	-0.574127
+2.540000	+0.565956	-0.824443	-0.565752
+2.550000	+0.557683	-0.830058	-0.557377
+2.560000	+0.549355	-0.835590	-0.549002
+2.570000	+0.540972	-0.841038	-0.540627
+2.580000	+0.532535	-0.846403	-0.532251
+2.590000	+0.524044	-0.851683	-0.523876
+2.600000	+0.515501	-0.856880	-0.515501
+2.610000	+0.506907	-0.861993	-0.507126
+2.620000	+0.498262	-0.867023	-0.498751
+2.630000	+0.489567	-0.871968	-0.490068
+2.640000	+0.480823	-0.876823	-0.481075
+2.650000	+0.472030	-0.881589	-0.472083
+2.660000	+0.463191	-0.886265	-0.463090
+2.670000	+0.454305	-0.890851	-0.454098
+2.680000	+0.445374	-0.895347	-0.445105
+2.690000	+0.436399	-0.899753	-0.436113
+2.700000	+0.427380	-0.904069	-0.427120
+2.710000	+0.418318	-0.908295	-0.418128
+2.720000	+0.409214	-0.912432	-0.409136
+2.730000	+0.400069	-0.916478	-0.400143
+2.740000	+0.390885	-0.920435	-0.391151
+2.750000	+0.381661	-0.924301	-0.382158
+2.760000	+0.372399	-0.928075	-0.372689
+2.770000	+0.363100	-0.931755	-0.363219
+2.780000	+0.353764	-0.935340	-0.353750
+2.790000	+0.344393	-0.938830	-0.344280
+2.800000	+0.334988	-0.942225	-0.334811
+2.810000	+0.325549	-0.945526	-0.325341
+2.820000	+0.316078	-0.948732	-0.315872
+2.830000	+0.306575	-0.951844	-0.306402
+2.840000	+0.297041	-0.954860	-0.296933
+2.850000	+0.287478	-0.957782	-0.287463
+2.860000	+0.277886	-0.960609	-0.277993
+2.870000	+0.268266	-0.963342	-0.268524
+2.880000	+0.258619	-0.965980	-0.258890
+2.890000	+0.248947	-0.968519	-0.249091
+2.900000	+0.239249	-0.970961	-0.239292
+2.910000	+0.229528	-0.973305	-0.229493
+2.920000	+0.219784	-0.975551	-0.219694
+2.930000	+0.210017	-0.977699	-0.209896
+2.940000	+0.200230	-0.979749	-0.200097
+2.950000	+0.190423	-0.981701	-0.190298
+2.960000	+0.180596	-0.983555	-0.180499
+2.970000	+0.170752	-0.985311	-0.170700
+2.980000	+0.160890	-0.986969	-0.160902
+2.990000	+0.151013	-0.988529	-0.151103
+3.000000	+0.141120	-0.989991	-0.141304
+3.010000	+0.131213	-0.991354	-0.131329
+3.020000	+0.121293	-0.992618	-0.121353
+3.030000	+0.111361	-0.993781	-0.111378
+3.040000	+0.101418	-0.994845	-0.101403
+3.050000	+0.091465	-0.995809	-0.091428
+3.060000	+0.081502	-0.996674	-0.081452
+3.070000	+0.071531	-0.997438	-0.071477
+3.080000	+0.061554	-0.998103	-0.061502
+3.090000	+0.051570	-0.998669	-0.051527
+3.100000	+0.041581	-0.999134	-0.041552
+3.110000	+0.031587	-0.999500	-0.031576
+3.120000	+0.021591	-0.999765	-0.021601
+3.130000	+0.011592	-0.999932	-0.011616
+3.140000	+0.001593	-0.999998	-0.001620
+3.150000	-0.008407	-0.999964	+0.008376
+3.160000	-0.018406	-0.999830	+0.018372
+3.170000	-0.028403	-0.999597	+0.028368
+3.180000	-0.038398	-0.999263	+0.038364
+3.190000	-0.048388	-0.998829	+0.048360
+3.200000	-0.058374	-0.998296	+0.058356
+3.210000	-0.068354	-0.997662	+0.068352
+3.220000	-0.078327	-0.996929	+0.078348
+3.230000	-0.088292	-0.996095	+0.088344
+3.240000	-0.098249	-0.995162	+0.098340
+3.250000	-0.108195	-0.994128	+0.108336
+3.260000	-0.118131	-0.992996	+0.118197
+3.270000	-0.128055	-0.991764	+0.128058
+3.280000	-0.137966	-0.990435	+0.137918
+3.290000	-0.147863	-0.989006	+0.147779
+3.300000	-0.157746	-0.987479	+0.157640
+3.310000	-0.167612	-0.985853	+0.167500
+3.320000	-0.177462	-0.984129	+0.177361
+3.330000	-0.187295	-0.982306	+0.187222
+3.340000	-0.197108	-0.980384	+0.197083
+3.350000	-0.206902	-0.978364	+0.206943
+3.360000	-0.216675	-0.976246	+0.216804
+3.370000	-0.226427	-0.974028	+0.226665
+3.380000	-0.236155	-0.971713	+0.236381
+3.390000	-0.245860	-0.969301	+0.245953
+3.400000	-0.255541	-0.966794	+0.255524
+3.410000	-0.265196	-0.964191	+0.265096
+3.420000	-0.274825	-0.961492	+0.274667
+3.430000	-0.284426	-0.958697	+0.284239
+3.440000	-0.293998	-0.955807	+0.293811
+3.450000	-0.303541	-0.952821	+0.303382
+3.460000	-0.313054	-0.949739	+0.312954
+3.470000	-0.322536	-0.946562	+0.322525
+3.480000	-0.331985	-0.943289	+0.332097
+3.490000	-0.341401	-0.939920	+0.341669
+3.500000	-0.350783	-0.936455	+0.351240
+3.510000	-0.360130	-0.932897	+0.360373
+3.520000	-0.369441	-0.929248	+0.369506
+3.530000	-0.378715	-0.925507	+0.378640
+3.540000	-0.387951	-0.921675	+0.387773
+3.550000	-0.397148	-0.917752	+0.396906
+3.560000	-0.406305	-0.913737	+0.406039
+3.570000	-0.415422	-0.909631	+0.415172
+3.580000	-0.424498	-0.905434	+0.424305
+3.590000	-0.433531	-0.901145	+0.433438
+3.600000	-0.442520	-0.896765	+0.442571
+3.610000	-0.451466	-0.892293	+0.451705
+3.620000	-0.460366	-0.887731	+0.460838
+3.630000	-0.469220	-0.883077	+0.469680
+3.640000	-0.478027	-0.878338	+0.478233
+3.650000	-0.486787	-0.873513	+0.486785
+3.660000	-0.495497	-0.868602	+0.495337
+3.670000	-0.504158	-0.863606	+0.503889
+3.680000	-0.512769	-0.858524	+0.512441
+3.690000	-0.521328	-0.853357	+0.520993
+3.700000	-0.529836	-0.848105	+0.529545
+3.710000	-0.538290	-0.842766	+0.538097
+3.720000	-0.546691	-0.837343	+0.546650
+3.730000	-0.555037	-0.831833	+0.555202
+3.740000	-0.563327	-0.826239	+0.563754
+3.750000	-0.571561	-0.820558	+0.572306
+3.760000	-0.579738	-0.814796	+0.580144
+3.770000	-0.587857	-0.808955	+0.587981
+3.780000	-0.595917	-0.803036	+0.595819
+3.790000	-0.603917	-0.797039	+0.603657
+3.800000	-0.611858	-0.790963	+0.611494
+3.810000	-0.619736	-0.784809	+0.619332
+3.820000	-0.627553	-0.778577	+0.627170
+3.830000	-0.635308	-0.772266	+0.635007
+3.840000	-0.642998	-0.765876	+0.642845
+3.850000	-0.650625	-0.759409	+0.650683
+3.860000	-0.658186	-0.752863	+0.658520
+3.870000	-0.665682	-0.746238	+0.666358
+3.880000	-0.673111	-0.739537	+0.673777
+3.890000	-0.680472	-0.732764	+0.680778
+3.900000	-0.687766	-0.725921	+0.687779
+3.910000	-0.694991	-0.719008	+0.694780
+3.920000	-0.702146	-0.712026	+0.701781
+3.930000	-0.709231	-0.704973	+0.708782
+3.940000	-0.716245	-0.697850	+0.715783
+3.950000	-0.723188	-0.690657	+0.722784
+3.960000	-0.730058	-0.683394	+0.729785
+3.970000	-0.736855	-0.676061	+0.736786
+3.980000	-0.743579	-0.668658	+0.743787
+3.990000	-0.750228	-0.661186	+0.750788
+4.000000	-0.756802	-0.653643	+0.757788
+4.010000	-0.763301	-0.646035	+0.763843
+4.020000	-0.769723	-0.638366	+0.769898
+4.030000	-0.776068	-0.630637	+0.775953
+4.040000	-0.782336	-0.622847	+0.782008
+4.050000	-0.788525	-0.614996	+0.788063
+4.060000	-0.794635	-0.607086	+0.794118
+4.070000	-0.800666	-0.599114	+0.800173
+4.080000	-0.806617	-0.591082	+0.806228
+4.090000	-0.812488	-0.582990	+0.812283
+4.100000	-0.818277	-0.574836	+0.818338
+4.110000	-0.823984	-0.566623	+0.824393
+4.120000	-0.829609	-0.558349	+0.830447
+4.130000	-0.835151	-0.550015	+0.835982
+4.140000	-0.840609	-0.541630	+0.840997
+4.150000	-0.845983	-0.533195	+0.846011
+4.160000	-0.851273	-0.524710	+0.851025
+4.170000	-0.856478	-0.516175	+0.856040
+4.180000	-0.861596	-0.507589	+0.861054
+4.190000	-0.866629	-0.498954	+0.866069
+4.200000	-0.871575	-0.490268	+0.871083
+4.210000	-0.876434	-0.481532	+0.876098
+4.220000	-0.881206	-0.472746	+0.881112
+4.230000	-0.885889	-0.463910	+0.886126
+4.240000	-0.890484	-0.455023	+0.891141
+4.250000	-0.894989	-0.446087	+0.896155
+4.260000	-0.899405	-0.437106	+0.900051
+4.270000	-0.903731	-0.428086	+0.903947
+4.280000	-0.907967	-0.419027	+0.907842
+4.290000	-0.912112	-0.409929	+0.911738
+4.300000	-0.916165	-0.400792	+0.915634
+4.310000	-0.920127	-0.391616	+0.919529
+4.320000	-0.923998	-0.382402	+0.923425
+4.330000	-0.927775	-0.373148	+0.927321
+4.340000	-0.931460	-0.363855	+0.931217
+4.350000	-0.935052	-0.354524	+0.935112
+4.360000	-0.938551	-0.345153	+0.939008
+4.370000	-0.941955	-0.335743	+0.942904
+4.380000	-0.945265	-0.326296	+0.946210
+4.390000	-0.948481	-0.316821	+0.948926
+4.400000	-0.951602	-0.307318	+0.951642
+4.410000	-0.954627	-0.297788	+0.954358
+4.420000	-0.957557	-0.288231	+0.957074
+4.430000	-0.960392	-0.278646	+0.959790
+4.440000	-0.963130	-0.269035	+0.962507
+4.450000	-0.965772	-0.259396	+0.965223
+4.460000	-0.968318	-0.249730	+0.967939
+4.470000	-0.970767	-0.240037	+0.970655
+4.480000	-0.973119	-0.230317	+0.973371
+4.490000	-0.975373	-0.220570	+0.976087
+4.500000	-0.977530	-0.210796	+0.978804
+4.510000	-0.979589	-0.201000	+0.980298
+4.520000	-0.981550	-0.191190	+0.981792
+4.530000	-0.983413	-0.181364	+0.983286
+4.540000	-0.985177	-0.171524	+0.984781
+4.550000	-0.986843	-0.161669	+0.986275
+4.560000	-0.988411	-0.151798	+0.987769
+4.570000	-0.989879	-0.141913	+0.989263
+4.580000	-0.991249	-0.132013	+0.990758
+4.590000	-0.992519	-0.122098	+0.992252
+4.600000	-0.993691	-0.112168	+0.993746
+4.610000	-0.994763	-0.102223	+0.995240
+4.620000	-0.995735	-0.092263	+0.996735
+4.630000	-0.996608	-0.082290	+0.997606
+4.640000	-0.997381	-0.072313	+0.997855
+4.650000	-0.998054	-0.062333	+0.998104
+4.660000	-0.998628	-0.052351	+0.998353
+4.670000	-0.999101	-0.042366	+0.998602
+4.680000	-0.999475	-0.032379	+0.998851
+4.690000	-0.999749	-0.022389	+0.999100
+4.700000	-0.999923	-0.012397	+0.999349
+4.710000	-0.999997	-0.002402	+0.999599
+4.720000	-0.999971	+0.007595	+0.999848
+4.730000	-0.999845	+0.017595	+1.000097
+4.740000	-0.999619	+0.027597	+1.000346
+4.750000	-0.999293	+0.037602	+1.000595
+4.760000	-0.998867	+0.047603	+0.999595
+4.770000	-0.998341	+0.057594	+0.998594
+4.780000	-0.997715	+0.067575	+0.997594
+4.790000	-0.996989	+0.077546	+0.996594
+4.800000	-0.996164	+0.087507	+0.995594
+4.810000	-0.995239	+0.097458	+0.994594
+4.820000	-0.994215	+0.107399	+0.993594
+4.830000	-0.993091	+0.117330	+0.992594
+4.840000	-0.991868	+0.127251	+0.991594
+4.850000	-0.990546	+0.137162	+0.990594
+4.860000	-0.989125	+0.147062	+0.989594
+4.870000	-0.987605	+0.156953	+0.988594
+4.880000	-0.985986	+0.166833	+0.986977
+4.890000	-0.984268	+0.176691	+0.984743
+4.900000	-0.982452	+0.186528	+0.982510
+4.910000	-0.980538	+0.196342	+0.980276
+4.920000	-0.978526	+0.206133	+0.978042
+4.930000	-0.976415	+0.215902	+0.975809
+4.940000	-0.974208	+0.225649	+0.973575
+4.950000	-0.971902	+0.235374	+0.971342
+4.960000	-0.969500	+0.245076	+0.969108
+4.970000	-0.967001	+0.254756	+0.966874
+4.980000	-0.964405	+0.264414	+0.964641
+4.990000	-0.961713	+0.274049	+0.962407
+5.000000	-0.958924	+0.283662	+0.960174
+5.010000	-0.956040	+0.293246	+0.956741
+5.020000	-0.953059	+0.302797	+0.953309
+5.030000	-0.949984	+0.312313	+0.949877
+5.040000	-0.946813	+0.321794	+0.946445
+5.050000	-0.943548	+0.331241	+0.943012
+5.060000	-0.940189	+0.340654	+0.939580
+5.070000	-0.936735	+0.350033	+0.936148
+5.080000	-0.933188	+0.359377	+0.932715
+5.090000	-0.929548	+0.368687	+0.929283
+5.100000	-0.925814	+0.377963	+0.925851
+5.110000	-0.921989	+0.387204	+0.922419
+5.120000	-0.918070	+0.396411	+0.918986
+5.130000	-0.914060	+0.405583	+0.914982
+5.140000	-0.909959	+0.414710	+0.910404
+5.150000	-0.905766	+0.423791	+0.905827
+5.160000	-0.901483	+0.432826	+0.901250
+5.170000	-0.897110	+0.441816	+0.896672
+5.180000	-0.892647	+0.450760	+0.892095
+5.190000	-0.888095	+0.459658	+0.887518
+5.200000	-0.883454	+0.468510	+0.882940
+5.210000	-0.878725	+0.477316	+0.878363
+5.220000	-0.873908	+0.486077	+0.873786
+5.230000	-0.869004	+0.494792	+0.869208
+5.240000	-0.864012	+0.503461	+0.864631
+5.250000	-0.858934	+0.512085	+0.860053
+5.260000	-0.853771	+0.520657	+0.854402
+5.270000	-0.848522	+0.529173	+0.848751
+5.280000	-0.843187	+0.537632	+0.843100
+5.290000	-0.837769	+0.546035	+0.837449
+5.300000	-0.832267	+0.554381	+0.831798
+5.310000	-0.826682	+0.562671	+0.826147
+5.320000	-0.821014	+0.570904	+0.820496
+5.330000	-0.815264	+0.579081	+0.814845
+5.340000	-0.809432	+0.587201	+0.809194
+5.350000	-0.803520	+0.595265	+0.803543
+5.360000	-0.797527	+0.603272	+0.797892
+5.370000	-0.791455	+0.611222	+0.792241
+5.380000	-0.785303	+0.619115	+0.786097
+5.390000	-0.779073	+0.626943	+0.779461
+5.400000	-0.772764	+0.634705	+0.772825
+5.410000	-0.766379	+0.642400	+0.766188
+5.420000	-0.759917	+0.650028	+0.759552
+5.430000	-0.753378	+0.657591	+0.752915
+5.440000	-0.746765	+0.665087	+0.746279
+5.450000	-0.740077	+0.672516	+0.739642
+5.460000	-0.733315	+0.679880	+0.733006
+5.470000	-0.726479	+0.687176	+0.726369
+5.480000	-0.719572	+0.694407	+0.719733
+5.490000	-0.712592	+0.701571	+0.713096
+5.500000	-0.705540	+0.708669	+0.706460
+5.510000	-0.698418	+0.715696	+0.698941
+5.520000	-0.691227	+0.722648	+0.691423
+5.530000	-0.683966	+0.729524	+0.683904
+5.540000	-0.676636	+0.736326	+0.676386
+5.550000	-0.669239	+0.743052	+0.668867
+5.560000	-0.661776	+0.749703	+0.661349
+5.570000	-0.654246	+0.756279	+0.653830
+5.580000	-0.646650	+0.762780	+0.646312
+5.590000	-0.638990	+0.769205	+0.638793
+5.600000	-0.631266	+0.775556	+0.631275
+5.610000	-0.623479	+0.781831	+0.623756
+5.620000	-0.615630	+0.788031	+0.616238
+5.630000	-0.607719	+0.794155	+0.608337
+5.640000	-0.599747	+0.800196	+0.600054
+5.650000	-0.591715	+0.806156	+0.591772
+5.660000	-0.583624	+0.812032	+0.583489
+5.670000	-0.575475	+0.817825	+0.575206
+5.680000	-0.567268	+0.823536	+0.566923
+5.690000	-0.559005	+0.829164	+0.558640
+5.700000	-0.550685	+0.834709	+0.550357
+5.710000	-0.542311	+0.840171	+0.542074
+5.720000	-0.533882	+0.845550	+0.533791
+5.730000	-0.525400	+0.850847	+0.525508
+5.740000	-0.516865	+0.856060	+0.517225
+5.750000	-0.508279	+0.861191	+0.508942
+5.760000	-0.499642	+0.866236	+0.500024
+5.770000	-0.490955	+0.871192	+0.491105
+5.780000	-0.482218	+0.876058	+0.482186
+5.790000	-0.473434	+0.880835	+0.473267
+5.800000	-0.464602	+0.885524	+0.464348
+5.810000	-0.455724	+0.890122	+0.455429
+5.820000	-0.446800	+0.894632	+0.446511
+5.830000	-0.437831	+0.899053	+0.437592
+5.840000	-0.428819	+0.903384	+0.428673
+5.850000	-0.419764	+0.907626	+0.419754
+5.860000	-0.410667	+0.911779	+0.410835
+5.870000	-0.401529	+0.915843	+0.401916
+5.880000	-0.392350	+0.919817	+0.392750
+5.890000	-0.383133	+0.923697	+0.383338
+5.900000	-0.373877	+0.927484	+0.373925
+5.910000	-0.364583	+0.931176	+0.364512
+5.920000	-0.355253	+0.934774	+0.355099
+5.930000	-0.345888	+0.938278	+0.345686
+5.940000	-0.336488	+0.941687	+0.336274
+5.950000	-0.327055	+0.945003	+0.326861
+5.960000	-0.317588	+0.948225	+0.317448
+5.970000	-0.308090	+0.951352	+0.308035
+5.980000	-0.298562	+0.954385	+0.298623
+5.990000	-0.289003	+0.957325	+0.289210
+6.000000	-0.279415	+0.960170	+0.279797
+6.010000	-0.269800	+0.962919	+0.270027
+6.020000	-0.260157	+0.965570	+0.260256
+6.030000	-0.250489	+0.968124	+0.250486
+6.040000	-0.240795	+0.970580	+0.240715
+6.050000	-0.231078	+0.972938	+0.230945
+6.060000	-0.221337	+0.975199	+0.221174
+6.070000	-0.211574	+0.977362	+0.211404
+6.080000	-0.201790	+0.979427	+0.201633
+6.090000	-0.191986	+0.981394	+0.191863
+6.100000	-0.182162	+0.983264	+0.182093
+6.110000	-0.172321	+0.985036	+0.172322
+6.120000	-0.162462	+0.986711	+0.162552
+6.130000	-0.152587	+0.988287	+0.152698
+6.140000	-0.142697	+0.989764	+0.142762
+6.150000	-0.132792	+0.991142	+0.132826
+6.160000	-0.122874	+0.992421	+0.122890
+6.170000	-0.112944	+0.993600	+0.112954
+6.180000	-0.103002	+0.994680	+0.103018
+6.190000	-0.093051	+0.995660	+0.093082
+6.200000	-0.083090	+0.996542	+0.083146
+6.210000	-0.073120	+0.997323	+0.073210
+6.220000	-0.063143	+0.998006	+0.063274
+6.230000	-0.053160	+0.998589	+0.053338
+6.240000	-0.043172	+0.999073	+0.043402
+6.250000	-0.033179	+0.999457	+0.033466
+6.260000	-0.023183	+0.999741	+0.023372
+6.270000	-0.013185	+0.999924	+0.013277
+6.280000	-0.003185	+1.000007	+0.003183
+6.290000	+0.006815	+0.999988	-0.006912
+6.300000	+0.016814	+0.999868	-0.017006
+6.310000	+0.026812	+0.999648	-0.027100
+6.320000	+0.036807	+0.999326	-0.037195
+6.330000	+0.046798	+0.998904	-0.047289
+6.340000	+0.056785	+0.998381	-0.057383
+6.350000	+0.066766	+0.997756	-0.067478
+6.360000	+0.076740	+0.997031	-0.077572
+6.370000	+0.086706	+0.996205	-0.087667
+6.380000	+0.096663	+0.995278	-0.097486
+6.390000	+0.106611	+0.994256	-0.107029
+6.400000	+0.116548	+0.993138	-0.116573
+6.410000	+0.126474	+0.991924	-0.126117
+6.420000	+0.136386	+0.990615	-0.135660
+6.430000	+0.146286	+0.989211	-0.145204
+6.440000	+0.156170	+0.987711	-0.154747
+6.450000	+0.166039	+0.986116	-0.164291
+6.460000	+0.175892	+0.984426	-0.173835
+6.470000	+0.185728	+0.982639	-0.183378
+6.480000	+0.195545	+0.980758	-0.192922
+6.490000	+0.205342	+0.978781	-0.202466
+6.500000	+0.215120	+0.976709	-0.212009
+6.510000	+0.224876	+0.974534	-0.222912
+6.520000	+0.234610	+0.972250	-0.233814
+6.530000	+0.244321	+0.969858	-0.244716
+6.540000	+0.254007	+0.967356	-0.255619
+6.550000	+0.263668	+0.964745	-0.266521
+6.560000	+0.273302	+0.962026	-0.277424
+6.570000	+0.282908	+0.959197	-0.288326
+6.580000	+0.292485	+0.956259	-0.299229
+6.590000	+0.302033	+0.953212	-0.310131
+6.600000	+0.311549	+0.950057	-0.321033
+6.610000	+0.321033	+0.946792	-0.331936
+6.620000	+0.330485	+0.943418	-0.342838
+6.630000	+0.339901	+0.939943	-0.350494
+6.640000	+0.349283	+0.936416	-0.354903
+6.650000	+0.358630	+0.932845	-0.359312
+6.660000	+0.367940	+0.929230	-0.363720
+6.670000	+0.377214	+0.925571	-0.368129
+6.680000	+0.386451	+0.921867	-0.372538
+6.690000	+0.395651	+0.918120	-0.376947
+6.700000	+0.404814	+0.914328	-0.381355
+6.710000	+0.413938	+0.910493	-0.385764
+6.720000	+0.423023	+0.906613	-0.390173
+6.730000	+0.432070	+0.902689	-0.394582
+6.740000	+0.441077	+0.898721	-0.398991
+6.750000	+0.450044	+0.894709	-0.403399
+6.760000	+0.458971	+0.890543	-0.429917
+6.770000	+0.467854	+0.886111	-0.456434
+6.780000	+0.476692	+0.881414	-0.482951
+6.790000	+0.485481	+0.876452	-0.509468
+6.800000	+0.494220	+0.871225	-0.535985
+6.810000	+0.502905	+0.865732	-0.562502
+6.820000	+0.511534	+0.859975	-0.589019
+6.830000	+0.520104	+0.853952	-0.615536
+6.840000	+0.528612	+0.847664	-0.642053
+6.850000	+0.537056	+0.841111	-0.668570
+6.860000	+0.545433	+0.834293	-0.695087
+6.870000	+0.553741	+0.827209	-0.721605
+6.880000	+0.561977	+0.819967	-0.705469
+6.890000	+0.570142	+0.813206	-0.646680
+6.900000	+0.578243	+0.807034	-0.587891
+6.910000	+0.586285	+0.801449	-0.529101
+6.920000	+0.594274	+0.796452	-0.470312
+6.930000	+0.602216	+0.792042	-0.411523
+6.940000	+0.610117	+0.788221	-0.352734
+6.950000	+0.617982	+0.784988	-0.293945
+6.960000	+0.625818	+0.782342	-0.235156
+6.970000	+0.633631	+0.780285	-0.176367
+6.980000	+0.641426	+0.778815	-0.117578
+6.990000	+0.649209	+0.777933	-0.058789
+7.000000	+0.656987	+0.777639	+0.000000
