a=	+0.999050	b=	+1.000000	n=	+20	r=	+3.500000
x	g(x)	g'(x)	g''(x)
+0.999050	+0.840957	+0.539783	-3.589756
+0.999051	+0.840958	+0.541101	-3.577673
+0.999052	+0.840958	+0.541098	-3.565590
+0.999053	+0.840959	+0.541094	-3.553508
+0.999054	+0.840959	+0.541091	-3.541425
+0.999055	+0.840960	+0.541087	-3.529343
+0.999056	+0.840960	+0.541084	-3.517260
+0.999057	+0.840961	+0.541080	-3.505177
+0.999058	+0.840962	+0.541077	-3.493095
+0.999059	+0.840962	+0.541073	-3.481012
+0.999060	+0.840963	+0.541070	-3.468929
+0.999061	+0.840963	+0.541066	-3.456847
+0.999062	+0.840964	+0.541063	-3.444764
+0.999063	+0.840964	+0.541059	-3.432681
+0.999064	+0.840965	+0.541056	-3.420599
+0.999065	+0.840965	+0.541053	-3.408516
+0.999066	+0.840966	+0.541049	-3.396433
+0.999067	+0.840966	+0.541046	-3.384351
+0.999068	+0.840967	+0.541042	-3.372268
+0.999069	+0.840968	+0.541039	-3.360185
+0.999070	+0.840968	+0.541036	-3.348103
+0.999071	+0.840969	+0.541032	-3.336020
+0.999072	+0.840969	+0.541029	-3.323937
+0.999073	+0.840970	+0.541026	-3.311855
+0.999074	+0.840970	+0.541022	-3.299772
+0.999075	+0.840971	+0.541019	-3.287689
+0.999076	+0.840971	+0.541016	-3.275607
+0.999077	+0.840972	+0.541012	-3.263524
+0.999078	+0.840972	+0.541009	-3.251442
+0.999079	+0.840973	+0.541006	-3.239359
+0.999080	+0.840973	+0.541003	-3.227276
+0.999081	+0.840974	+0.541000	-3.215194
+0.999082	+0.840975	+0.540996	-3.203111
+0.999083	+0.840975	+0.540993	-3.191028
+0.999084	+0.840976	+0.540990	-3.178946
+0.999085	+0.840976	+0.540987	-3.166863
+0.999086	+0.840977	+0.540984	-3.154780
+0.999087	+0.840977	+0.540980	-3.142698
+0.999088	+0.840978	+0.540977	-3.130615
+0.999089	+0.840978	+0.540974	-3.118532
+0.999090	+0.840979	+0.540971	-3.106450
+0.999091	+0.840979	+0.540968	-3.094367
+0.999092	+0.840980	+0.540965	-3.082284
+0.999093	+0.840980	+0.540962	-3.070202
+0.999094	+0.840981	+0.540959	-3.058119
+0.999095	+0.840982	+0.540956	-3.046036
+0.999096	+0.840982	+0.540953	-3.033954
+0.999097	+0.840983	+0.540950	-3.021871
+0.999098	+0.840983	+0.540947	-3.009789
+0.999099	+0.840984	+0.540944	-2.997706
+0.999100	+0.840984	+0.540941	-2.985623
+0.999101	+0.840985	+0.540938	-2.973541
+0.999102	+0.840985	+0.540935	-2.961458
+0.999103	+0.840986	+0.540932	-2.949375
+0.999104	+0.840986	+0.540929	-2.937293
+0.999105	+0.840987	+0.540926	-2.925210
+0.999106	+0.840988	+0.540923	-2.913127
+0.999107	+0.840988	+0.540920	-2.901045
+0.999108	+0.840989	+0.540917	-2.888962
+0.999109	+0.840989	+0.540914	-2.876879
+0.999110	+0.840990	+0.540911	-2.864797
+0.999111	+0.840990	+0.540909	-2.852714
+0.999112	+0.840991	+0.540906	-2.840631
+0.999113	+0.840991	+0.540903	-2.828549
+0.999114	+0.840992	+0.540900	-2.816466
+0.999115	+0.840992	+0.540897	-2.804383
+0.999116	+0.840993	+0.540894	-2.792301
+0.999117	+0.840993	+0.540892	-2.780218
+0.999118	+0.840994	+0.540889	-2.768135
+0.999119	+0.840995	+0.540886	-2.756053
+0.999120	+0.840995	+0.540883	-2.743970
+0.999121	+0.840996	+0.540881	-2.731888
+0.999122	+0.840996	+0.540878	-2.719805
+0.999123	+0.840997	+0.540875	-2.707722
+0.999124	+0.840997	+0.540872	-2.695640
+0.999125	+0.840998	+0.540870	-2.683557
+0.999126	+0.840998	+0.540867	-2.671474
+0.999127	+0.840999	+0.540864	-2.659392
+0.999128	+0.840999	+0.540862	-2.647309
+0.999129	+0.841000	+0.540859	-2.635226
+0.999130	+0.841001	+0.540856	-2.623144
+0.999131	+0.841001	+0.540854	-2.611061
+0.999132	+0.841002	+0.540851	-2.598978
+0.999133	+0.841002	+0.540849	-2.586896
+0.999134	+0.841003	+0.540846	-2.574813
+0.999135	+0.841003	+0.540844	-2.562730
+0.999136	+0.841004	+0.540841	-2.550648
+0.999137	+0.841004	+0.540838	-2.538565
+0.999138	+0.841005	+0.540836	-2.526482
+0.999139	+0.841005	+0.540833	-2.514400
+0.999140	+0.841006	+0.540831	-2.502317
+0.999141	+0.841006	+0.540828	-2.490234
+0.999142	+0.841007	+0.540826	-2.478152
+0.999143	+0.841008	+0.540823	-2.466069
+0.999144	+0.841008	+0.540821	-2.453987
+0.999145	+0.841009	+0.540818	-2.441904
+0.999146	+0.841009	+0.540816	-2.429821
+0.999147	+0.841010	+0.540814	-2.417739
+0.999148	+0.841010	+0.540811	-2.405656
+0.999149	+0.841011	+0.540809	-2.393573
+0.999150	+0.841011	+0.540806	-2.381491
+0.999151	+0.841012	+0.540804	-2.369408
+0.999152	+0.841012	+0.540802	-2.357325
+0.999153	+0.841013	+0.540799	-2.345243
+0.999154	+0.841013	+0.540797	-2.333160
+0.999155	+0.841014	+0.540795	-2.321077
+0.999156	+0.841015	+0.540792	-2.308995
+0.999157	+0.841015	+0.540790	-2.296912
+0.999158	+0.841016	+0.540788	-2.284829
+0.999159	+0.841016	+0.540785	-2.272747
+0.999160	+0.841017	+0.540783	-2.260664
+0.999161	+0.841017	+0.540781	-2.248581
+0.999162	+0.841018	+0.540779	-2.236499
+0.999163	+0.841018	+0.540776	-2.224416
+0.999164	+0.841019	+0.540774	-2.212334
+0.999165	+0.841019	+0.540772	-2.200251
+0.999166	+0.841020	+0.540770	-2.188168
+0.999167	+0.841021	+0.540768	-2.176086
+0.999168	+0.841021	+0.540766	-2.164003
+0.999169	+0.841022	+0.540763	-2.151920
+0.999170	+0.841022	+0.540761	-2.139838
+0.999171	+0.841023	+0.540759	-2.127755
+0.999172	+0.841023	+0.540757	-2.115672
+0.999173	+0.841024	+0.540755	-2.103590
+0.999174	+0.841024	+0.540753	-2.091507
+0.999175	+0.841025	+0.540751	-2.079424
+0.999176	+0.841025	+0.540749	-2.067342
+0.999177	+0.841026	+0.540747	-2.055259
+0.999178	+0.841026	+0.540744	-2.043176
+0.999179	+0.841027	+0.540742	-2.031094
+0.999180	+0.841028	+0.540740	-2.019011
+0.999181	+0.841028	+0.540738	-2.006928
+0.999182	+0.841029	+0.540736	-1.994846
+0.999183	+0.841029	+0.540734	-1.982763
+0.999184	+0.841030	+0.540732	-1.970680
+0.999185	+0.841030	+0.540730	-1.958598
+0.999186	+0.841031	+0.540729	-1.946515
+0.999187	+0.841031	+0.540727	-1.934433
+0.999188	+0.841032	+0.540725	-1.922350
+0.999189	+0.841032	+0.540723	-1.910267
+0.999190	+0.841033	+0.540721	-1.898185
+0.999191	+0.841033	+0.540719	-1.886102
+0.999192	+0.841034	+0.540717	-1.874019
+0.999193	+0.841035	+0.540715	-1.861937
+0.999194	+0.841035	+0.540713	-1.849854
+0.999195	+0.841036	+0.540712	-1.837771
+0.999196	+0.841036	+0.540710	-1.825689
+0.999197	+0.841037	+0.540708	-1.813606
+0.999198	+0.841037	+0.540706	-1.801523
+0.999199	+0.841038	+0.540704	-1.789441
+0.999200	+0.841038	+0.540702	-1.777358
+0.999201	+0.841039	+0.540701	-1.765275
+0.999202	+0.841039	+0.540699	-1.753193
+0.999203	+0.841040	+0.540697	-1.741110
+0.999204	+0.841041	+0.540695	-1.729027
+0.999205	+0.841041	+0.540694	-1.716945
+0.999206	+0.841042	+0.540692	-1.704862
+0.999207	+0.841042	+0.540690	-1.692779
+0.999208	+0.841043	+0.540689	-1.680697
+0.999209	+0.841043	+0.540687	-1.668614
+0.999210	+0.841044	+0.540685	-1.656532
+0.999211	+0.841044	+0.540684	-1.644449
+0.999212	+0.841045	+0.540682	-1.632366
+0.999213	+0.841045	+0.540680	-1.620284
+0.999214	+0.841046	+0.540679	-1.608201
+0.999215	+0.841046	+0.540677	-1.596118
+0.999216	+0.841047	+0.540676	-1.584036
+0.999217	+0.841048	+0.540674	-1.571953
+0.999218	+0.841048	+0.540672	-1.559870
+0.999219	+0.841049	+0.540671	-1.547788
+0.999220	+0.841049	+0.540669	-1.535705
+0.999221	+0.841050	+0.540668	-1.523622
+0.999222	+0.841050	+0.540666	-1.511540
+0.999223	+0.841051	+0.540665	-1.499457
+0.999224	+0.841051	+0.540663	-1.487374
+0.999225	+0.841052	+0.540662	-1.475292
+0.999226	+0.841052	+0.540660	-1.463209
+0.999227	+0.841053	+0.540659	-1.451126
+0.999228	+0.841053	+0.540657	-1.439044
+0.999229	+0.841054	+0.540656	-1.426961
+0.999230	+0.841055	+0.540655	-1.414878
+0.999231	+0.841055	+0.540653	-1.402796
+0.999232	+0.841056	+0.540652	-1.390713
+0.999233	+0.841056	+0.540650	-1.378631
+0.999234	+0.841057	+0.540649	-1.366548
+0.999235	+0.841057	+0.540648	-1.354465
+0.999236	+0.841058	+0.540646	-1.342383
+0.999237	+0.841058	+0.540645	-1.330300
+0.999238	+0.841059	+0.540644	-1.318217
+0.999239	+0.841059	+0.540642	-1.306135
+0.999240	+0.841060	+0.540641	-1.294052
+0.999241	+0.841061	+0.540640	-1.281969
+0.999242	+0.841061	+0.540638	-1.269887
+0.999243	+0.841062	+0.540637	-1.257804
+0.999244	+0.841062	+0.540636	-1.245721
+0.999245	+0.841063	+0.540635	-1.233639
+0.999246	+0.841063	+0.540633	-1.221556
+0.999247	+0.841064	+0.540632	-1.209473
+0.999248	+0.841064	+0.540631	-1.197391
+0.999249	+0.841065	+0.540630	-1.185308
+0.999250	+0.841065	+0.540629	-1.173225
+0.999251	+0.841066	+0.540628	-1.161143
+0.999252	+0.841066	+0.540626	-1.149060
+0.999253	+0.841067	+0.540625	-1.136978
+0.999254	+0.841068	+0.540624	-1.124895
+0.999255	+0.841068	+0.540623	-1.112812
+0.999256	+0.841069	+0.540622	-1.100730
+0.999257	+0.841069	+0.540621	-1.088647
+0.999258	+0.841070	+0.540620	-1.076564
+0.999259	+0.841070	+0.540619	-1.064482
+0.999260	+0.841071	+0.540618	-1.052399
+0.999261	+0.841071	+0.540617	-1.040316
+0.999262	+0.841072	+0.540615	-1.028234
+0.999263	+0.841072	+0.540614	-1.016151
+0.999264	+0.841073	+0.540613	-1.004068
+0.999265	+0.841073	+0.540612	-0.991986
+0.999266	+0.841074	+0.540611	-0.979903
+0.999267	+0.841075	+0.540611	-0.967820
+0.999268	+0.841075	+0.540610	-0.955738
+0.999269	+0.841076	+0.540609	-0.943655
+0.999270	+0.841076	+0.540608	-0.931572
+0.999271	+0.841077	+0.540607	-0.919490
+0.999272	+0.841077	+0.540606	-0.907407
+0.999273	+0.841078	+0.540605	-0.895324
+0.999274	+0.841078	+0.540604	-0.883242
+0.999275	+0.841079	+0.540603	-0.871159
+0.999276	+0.841079	+0.540602	-0.859077
+0.999277	+0.841080	+0.540601	-0.846994
+0.999278	+0.841081	+0.540601	-0.834911
+0.999279	+0.841081	+0.540600	-0.822829
+0.999280	+0.841082	+0.540599	-0.810746
+0.999281	+0.841082	+0.540598	-0.798663
+0.999282	+0.841083	+0.540597	-0.786581
+0.999283	+0.841083	+0.540597	-0.774498
+0.999284	+0.841084	+0.540596	-0.762415
+0.999285	+0.841084	+0.540595	-0.750333
+0.999286	+0.841085	+0.540594	-0.738250
+0.999287	+0.841085	+0.540594	-0.726167
+0.999288	+0.841086	+0.540593	-0.714085
+0.999289	+0.841086	+0.540592	-0.702002
+0.999290	+0.841087	+0.540591	-0.689919
+0.999291	+0.841088	+0.540591	-0.677837
+0.999292	+0.841088	+0.540590	-0.665754
+0.999293	+0.841089	+0.540589	-0.653671
+0.999294	+0.841089	+0.540589	-0.641589
+0.999295	+0.841090	+0.540588	-0.629506
+0.999296	+0.841090	+0.540588	-0.617423
+0.999297	+0.841091	+0.540587	-0.605341
+0.999298	+0.841091	+0.540586	-0.593258
+0.999299	+0.841092	+0.540586	-0.581176
+0.999300	+0.841092	+0.540585	-0.569093
+0.999301	+0.841093	+0.540585	-0.557010
+0.999302	+0.841093	+0.540584	-0.544928
+0.999303	+0.841094	+0.540583	-0.532845
+0.999304	+0.841095	+0.540583	-0.520762
+0.999305	+0.841095	+0.540582	-0.508680
+0.999306	+0.841096	+0.540582	-0.496597
+0.999307	+0.841096	+0.540581	-0.484514
+0.999308	+0.841097	+0.540581	-0.472432
+0.999309	+0.841097	+0.540581	-0.460349
+0.999310	+0.841098	+0.540580	-0.448266
+0.999311	+0.841098	+0.540580	-0.436184
+0.999312	+0.841099	+0.540579	-0.424101
+0.999313	+0.841099	+0.540579	-0.412018
+0.999314	+0.841100	+0.540578	-0.399936
+0.999315	+0.841101	+0.540578	-0.387853
+0.999316	+0.841101	+0.540578	-0.375770
+0.999317	+0.841102	+0.540577	-0.363688
+0.999318	+0.841102	+0.540577	-0.351605
+0.999319	+0.841103	+0.540577	-0.339522
+0.999320	+0.841103	+0.540576	-0.327440
+0.999321	+0.841104	+0.540576	-0.315357
+0.999322	+0.841104	+0.540576	-0.303275
+0.999323	+0.841105	+0.540575	-0.291192
+0.999324	+0.841105	+0.540575	-0.279109
+0.999325	+0.841106	+0.540575	-0.267027
+0.999326	+0.841106	+0.540574	-0.254944
+0.999327	+0.841107	+0.540574	-0.242861
+0.999328	+0.841108	+0.540574	-0.230779
+0.999329	+0.841108	+0.540574	-0.218696
+0.999330	+0.841109	+0.540574	-0.206613
+0.999331	+0.841109	+0.540573	-0.194531
+0.999332	+0.841110	+0.540573	-0.182448
+0.999333	+0.841110	+0.540573	-0.170365
+0.999334	+0.841111	+0.540573	-0.158283
+0.999335	+0.841111	+0.540573	-0.146200
+0.999336	+0.841112	+0.540572	-0.134117
+0.999337	+0.841112	+0.540572	-0.122035
+0.999338	+0.841113	+0.540572	-0.109952
+0.999339	+0.841114	+0.540572	-0.097869
+0.999340	+0.841114	+0.540572	-0.085787
+0.999341	+0.841115	+0.540572	-0.073704
+0.999342	+0.841115	+0.540572	-0.061622
+0.999343	+0.841116	+0.540572	-0.049539
+0.999344	+0.841116	+0.540572	-0.037456
+0.999345	+0.841117	+0.540572	-0.025374
+0.999346	+0.841117	+0.540572	-0.013291
+0.999347	+0.841118	+0.540572	-0.001208
+0.999348	+0.841118	+0.540572	+0.010874
+0.999349	+0.841119	+0.540572	+0.022957
+0.999350	+0.841119	+0.540572	+0.035040
+0.999351	+0.841120	+0.540572	+0.047122
+0.999352	+0.841121	+0.540572	+0.059205
+0.999353	+0.841121	+0.540572	+0.071288
+0.999354	+0.841122	+0.540572	+0.083370
+0.999355	+0.841122	+0.540572	+0.095453
+0.999356	+0.841123	+0.540572	+0.107536
+0.999357	+0.841123	+0.540572	+0.119618
+0.999358	+0.841124	+0.540572	+0.131701
+0.999359	+0.841124	+0.540573	+0.143784
+0.999360	+0.841125	+0.540573	+0.155866
+0.999361	+0.841125	+0.540573	+0.167949
+0.999362	+0.841126	+0.540573	+0.180032
+0.999363	+0.841126	+0.540573	+0.192114
+0.999364	+0.841127	+0.540573	+0.204197
+0.999365	+0.841128	+0.540574	+0.216279
+0.999366	+0.841128	+0.540574	+0.228362
+0.999367	+0.841129	+0.540574	+0.240445
+0.999368	+0.841129	+0.540574	+0.252527
+0.999369	+0.841130	+0.540575	+0.264610
+0.999370	+0.841130	+0.540575	+0.276693
+0.999371	+0.841131	+0.540575	+0.288775
+0.999372	+0.841131	+0.540575	+0.300858
+0.999373	+0.841132	+0.540576	+0.312941
+0.999374	+0.841132	+0.540576	+0.325023
+0.999375	+0.841133	+0.540576	+0.337106
+0.999376	+0.841134	+0.540577	+0.349189
+0.999377	+0.841134	+0.540577	+0.361271
+0.999378	+0.841135	+0.540578	+0.373354
+0.999379	+0.841135	+0.540578	+0.385437
+0.999380	+0.841136	+0.540578	+0.397519
+0.999381	+0.841136	+0.540579	+0.409602
+0.999382	+0.841137	+0.540579	+0.421685
+0.999383	+0.841137	+0.540580	+0.433767
+0.999384	+0.841138	+0.540580	+0.445850
+0.999385	+0.841138	+0.540580	+0.457933
+0.999386	+0.841139	+0.540581	+0.470015
+0.999387	+0.841139	+0.540581	+0.482098
+0.999388	+0.841140	+0.540582	+0.494180
+0.999389	+0.841141	+0.540582	+0.506263
+0.999390	+0.841141	+0.540583	+0.518346
+0.999391	+0.841142	+0.540583	+0.530428
+0.999392	+0.841142	+0.540584	+0.542511
+0.999393	+0.841143	+0.540584	+0.554594
+0.999394	+0.841143	+0.540585	+0.566676
+0.999395	+0.841144	+0.540586	+0.578759
+0.999396	+0.841144	+0.540586	+0.590842
+0.999397	+0.841145	+0.540587	+0.602924
+0.999398	+0.841145	+0.540587	+0.615007
+0.999399	+0.841146	+0.540588	+0.627090
+0.999400	+0.841146	+0.540589	+0.639172
+0.999401	+0.841147	+0.540589	+0.651255
+0.999402	+0.841148	+0.540590	+0.663338
+0.999403	+0.841148	+0.540591	+0.675420
+0.999404	+0.841149	+0.540591	+0.687503
+0.999405	+0.841149	+0.540592	+0.699586
+0.999406	+0.841150	+0.540593	+0.711668
+0.999407	+0.841150	+0.540593	+0.723751
+0.999408	+0.841151	+0.540594	+0.735834
+0.999409	+0.841151	+0.540595	+0.747916
+0.999410	+0.841152	+0.540596	+0.759999
+0.999411	+0.841152	+0.540596	+0.772081
+0.999412	+0.841153	+0.540597	+0.784164
+0.999413	+0.841154	+0.540598	+0.796247
+0.999414	+0.841154	+0.540599	+0.808329
+0.999415	+0.841155	+0.540600	+0.820412
+0.999416	+0.841155	+0.540600	+0.832495
+0.999417	+0.841156	+0.540601	+0.844577
+0.999418	+0.841156	+0.540602	+0.856660
+0.999419	+0.841157	+0.540603	+0.868743
+0.999420	+0.841157	+0.540604	+0.880825
+0.999421	+0.841158	+0.540605	+0.892908
+0.999422	+0.841158	+0.540606	+0.904991
+0.999423	+0.841159	+0.540607	+0.917073
+0.999424	+0.841159	+0.540607	+0.929156
+0.999425	+0.841160	+0.540608	+0.941239
+0.999426	+0.841161	+0.540609	+0.953321
+0.999427	+0.841161	+0.540610	+0.965404
+0.999428	+0.841162	+0.540611	+0.977487
+0.999429	+0.841162	+0.540612	+0.989569
+0.999430	+0.841163	+0.540613	+1.001652
+0.999431	+0.841163	+0.540614	+1.013734
+0.999432	+0.841164	+0.540615	+1.025817
+0.999433	+0.841164	+0.540616	+1.037900
+0.999434	+0.841165	+0.540617	+1.049982
+0.999435	+0.841165	+0.540618	+1.062065
+0.999436	+0.841166	+0.540619	+1.074148
+0.999437	+0.841166	+0.540621	+1.086230
+0.999438	+0.841167	+0.540622	+1.098313
+0.999439	+0.841168	+0.540623	+1.110396
+0.999440	+0.841168	+0.540624	+1.122478
+0.999441	+0.841169	+0.540625	+1.134561
+0.999442	+0.841169	+0.540626	+1.146644
+0.999443	+0.841170	+0.540627	+1.158726
+0.999444	+0.841170	+0.540628	+1.170809
+0.999445	+0.841171	+0.540630	+1.182892
+0.999446	+0.841171	+0.540631	+1.194974
+0.999447	+0.841172	+0.540632	+1.207057
+0.999448	+0.841172	+0.540633	+1.219140
+0.999449	+0.841173	+0.540634	+1.231222
+0.999450	+0.841174	+0.540636	+1.243305
+0.999451	+0.841174	+0.540637	+1.255388
+0.999452	+0.841175	+0.540638	+1.267470
+0.999453	+0.841175	+0.540639	+1.279553
+0.999454	+0.841176	+0.540641	+1.291635
+0.999455	+0.841176	+0.540642	+1.303718
+0.999456	+0.841177	+0.540643	+1.315801
+0.999457	+0.841177	+0.540645	+1.327883
+0.999458	+0.841178	+0.540646	+1.339966
+0.999459	+0.841178	+0.540647	+1.352049
+0.999460	+0.841179	+0.540649	+1.364131
+0.999461	+0.841179	+0.540650	+1.376214
+0.999462	+0.841180	+0.540651	+1.388297
+0.999463	+0.841181	+0.540653	+1.400379
+0.999464	+0.841181	+0.540654	+1.412462
+0.999465	+0.841182	+0.540656	+1.424545
+0.999466	+0.841182	+0.540657	+1.436627
+0.999467	+0.841183	+0.540659	+1.448710
+0.999468	+0.841183	+0.540660	+1.460793
+0.999469	+0.841184	+0.540662	+1.472875
+0.999470	+0.841184	+0.540663	+1.484958
+0.999471	+0.841185	+0.540664	+1.497041
+0.999472	+0.841185	+0.540666	+1.509123
+0.999473	+0.841186	+0.540668	+1.521206
+0.999474	+0.841186	+0.540669	+1.533289
+0.999475	+0.841187	+0.540671	+1.545371
+0.999476	+0.841188	+0.540672	+1.557454
+0.999477	+0.841188	+0.540674	+1.569536
+0.999478	+0.841189	+0.540675	+1.581619
+0.999479	+0.841189	+0.540677	+1.593702
+0.999480	+0.841190	+0.540678	+1.605784
+0.999481	+0.841190	+0.540680	+1.617867
+0.999482	+0.841191	+0.540682	+1.629950
+0.999483	+0.841191	+0.540683	+1.642032
+0.999484	+0.841192	+0.540685	+1.654115
+0.999485	+0.841192	+0.540687	+1.666198
+0.999486	+0.841193	+0.540688	+1.678280
+0.999487	+0.841194	+0.540690	+1.690363
+0.999488	+0.841194	+0.540692	+1.702446
+0.999489	+0.841195	+0.540693	+1.714528
+0.999490	+0.841195	+0.540695	+1.726611
+0.999491	+0.841196	+0.540697	+1.738694
+0.999492	+0.841196	+0.540699	+1.750776
+0.999493	+0.841197	+0.540700	+1.762859
+0.999494	+0.841197	+0.540702	+1.774942
+0.999495	+0.841198	+0.540704	+1.787024
+0.999496	+0.841198	+0.540706	+1.799107
+0.999497	+0.841199	+0.540707	+1.811189
+0.999498	+0.841199	+0.540709	+1.823272
+0.999499	+0.841200	+0.540711	+1.835355
+0.999500	+0.841201	+0.540713	+1.847437
+0.999501	+0.841201	+0.540715	+1.859520
+0.999502	+0.841202	+0.540717	+1.871603
+0.999503	+0.841202	+0.540719	+1.883685
+0.999504	+0.841203	+0.540720	+1.895768
+0.999505	+0.841203	+0.540722	+1.907851
+0.999506	+0.841204	+0.540724	+1.919933
+0.999507	+0.841204	+0.540726	+1.932016
+0.999508	+0.841205	+0.540728	+1.944099
+0.999509	+0.841205	+0.540730	+1.956181
+0.999510	+0.841206	+0.540732	+1.968264
+0.999511	+0.841206	+0.540734	+1.980347
+0.999512	+0.841207	+0.540736	+1.992429
+0.999513	+0.841208	+0.540738	+2.004512
+0.999514	+0.841208	+0.540740	+2.016595
+0.999515	+0.841209	+0.540742	+2.028677
+0.999516	+0.841209	+0.540744	+2.040760
+0.999517	+0.841210	+0.540746	+2.052843
+0.999518	+0.841210	+0.540748	+2.064925
+0.999519	+0.841211	+0.540750	+2.077008
+0.999520	+0.841211	+0.540752	+2.089090
+0.999521	+0.841212	+0.540754	+2.101173
+0.999522	+0.841212	+0.540757	+2.113256
+0.999523	+0.841213	+0.540759	+2.125338
+0.999524	+0.841214	+0.540761	+2.137421
+0.999525	+0.841214	+0.540763	+2.149504
+0.999526	+0.841215	+0.540765	+2.161586
+0.999527	+0.841215	+0.540767	+2.173669
+0.999528	+0.841216	+0.540769	+2.185752
+0.999529	+0.841216	+0.540772	+2.197834
+0.999530	+0.841217	+0.540774	+2.209917
+0.999531	+0.841217	+0.540776	+2.222000
+0.999532	+0.841218	+0.540778	+2.234082
+0.999533	+0.841218	+0.540781	+2.246165
+0.999534	+0.841219	+0.540783	+2.258248
+0.999535	+0.841219	+0.540785	+2.270330
+0.999536	+0.841220	+0.540787	+2.282413
+0.999537	+0.841221	+0.540790	+2.294496
+0.999538	+0.841221	+0.540792	+2.306578
+0.999539	+0.841222	+0.540794	+2.318661
+0.999540	+0.841222	+0.540797	+2.330744
+0.999541	+0.841223	+0.540799	+2.342826
+0.999542	+0.841223	+0.540801	+2.354909
+0.999543	+0.841224	+0.540804	+2.366991
+0.999544	+0.841224	+0.540806	+2.379074
+0.999545	+0.841225	+0.540808	+2.391157
+0.999546	+0.841225	+0.540811	+2.403239
+0.999547	+0.841226	+0.540813	+2.415322
+0.999548	+0.841226	+0.540816	+2.427405
+0.999549	+0.841227	+0.540818	+2.439487
+0.999550	+0.841228	+0.540820	+2.451570
+0.999551	+0.841228	+0.540823	+2.463653
+0.999552	+0.841229	+0.540825	+2.475735
+0.999553	+0.841229	+0.540828	+2.487818
+0.999554	+0.841230	+0.540830	+2.499901
+0.999555	+0.841230	+0.540833	+2.511983
+0.999556	+0.841231	+0.540835	+2.524066
+0.999557	+0.841231	+0.540838	+2.536149
+0.999558	+0.841232	+0.540840	+2.548231
+0.999559	+0.841232	+0.540843	+2.560314
+0.999560	+0.841233	+0.540846	+2.572397
+0.999561	+0.841234	+0.540848	+2.584479
+0.999562	+0.841234	+0.540851	+2.596562
+0.999563	+0.841235	+0.540853	+2.608645
+0.999564	+0.841235	+0.540856	+2.620727
+0.999565	+0.841236	+0.540859	+2.632810
+0.999566	+0.841236	+0.540861	+2.644892
+0.999567	+0.841237	+0.540864	+2.656975
+0.999568	+0.841237	+0.540867	+2.669058
+0.999569	+0.841238	+0.540869	+2.681140
+0.999570	+0.841238	+0.540872	+2.693223
+0.999571	+0.841239	+0.540875	+2.705306
+0.999572	+0.841239	+0.540877	+2.717388
+0.999573	+0.841240	+0.540880	+2.729471
+0.999574	+0.841241	+0.540883	+2.741554
+0.999575	+0.841241	+0.540886	+2.753636
+0.999576	+0.841242	+0.540888	+2.765719
+0.999577	+0.841242	+0.540891	+2.777802
+0.999578	+0.841243	+0.540894	+2.789884
+0.999579	+0.841243	+0.540897	+2.801967
+0.999580	+0.841244	+0.540899	+2.814050
+0.999581	+0.841244	+0.540902	+2.826132
+0.999582	+0.841245	+0.540905	+2.838215
+0.999583	+0.841245	+0.540908	+2.850298
+0.999584	+0.841246	+0.540911	+2.862380
+0.999585	+0.841247	+0.540914	+2.874463
+0.999586	+0.841247	+0.540917	+2.886545
+0.999587	+0.841248	+0.540919	+2.898628
+0.999588	+0.841248	+0.540922	+2.910711
+0.999589	+0.841249	+0.540925	+2.922793
+0.999590	+0.841249	+0.540928	+2.934876
+0.999591	+0.841250	+0.540931	+2.946959
+0.999592	+0.841250	+0.540934	+2.959041
+0.999593	+0.841251	+0.540937	+2.971124
+0.999594	+0.841251	+0.540940	+2.983207
+0.999595	+0.841252	+0.540943	+2.995289
+0.999596	+0.841252	+0.540946	+3.007372
+0.999597	+0.841253	+0.540949	+3.019455
+0.999598	+0.841254	+0.540952	+3.031537
+0.999599	+0.841254	+0.540955	+3.043620
+0.999600	+0.841255	+0.540958	+3.055703
+0.999601	+0.841255	+0.540961	+3.067785
+0.999602	+0.841256	+0.540964	+3.079868
+0.999603	+0.841256	+0.540967	+3.091951
+0.999604	+0.841257	+0.540970	+3.104033
+0.999605	+0.841257	+0.540974	+3.116116
+0.999606	+0.841258	+0.540977	+3.128199
+0.999607	+0.841258	+0.540980	+3.140281
+0.999608	+0.841259	+0.540983	+3.152364
+0.999609	+0.841259	+0.540986	+3.164446
+0.999610	+0.841260	+0.540989	+3.176529
+0.999611	+0.841261	+0.540992	+3.188612
+0.999612	+0.841261	+0.540996	+3.200694
+0.999613	+0.841262	+0.540999	+3.212777
+0.999614	+0.841262	+0.541002	+3.224860
+0.999615	+0.841263	+0.541005	+3.236942
+0.999616	+0.841263	+0.541009	+3.249025
+0.999617	+0.841264	+0.541012	+3.261108
+0.999618	+0.841264	+0.541015	+3.273190
+0.999619	+0.841265	+0.541018	+3.285273
+0.999620	+0.841265	+0.541022	+3.297356
+0.999621	+0.841266	+0.541025	+3.309438
+0.999622	+0.841267	+0.541028	+3.321521
+0.999623	+0.841267	+0.541032	+3.333604
+0.999624	+0.841268	+0.541035	+3.345686
+0.999625	+0.841268	+0.541038	+3.357769
+0.999626	+0.841269	+0.541042	+3.369852
+0.999627	+0.841269	+0.541045	+3.381934
+0.999628	+0.841270	+0.541048	+3.394017
+0.999629	+0.841270	+0.541052	+3.406100
+0.999630	+0.841271	+0.541055	+3.418182
+0.999631	+0.841271	+0.541059	+3.430265
+0.999632	+0.841272	+0.541062	+3.442347
+0.999633	+0.841272	+0.541066	+3.454430
+0.999634	+0.841273	+0.541069	+3.466513
+0.999635	+0.841274	+0.541072	+3.478595
+0.999636	+0.841274	+0.541076	+3.490678
+0.999637	+0.841275	+0.541079	+3.502761
+0.999638	+0.841275	+0.541083	+3.514843
+0.999639	+0.841276	+0.541086	+3.526926
+0.999640	+0.841276	+0.541090	+3.539009
+0.999641	+0.841277	+0.541094	+3.551091
+0.999642	+0.841277	+0.541097	+3.563174
+0.999643	+0.841278	+0.541101	+3.575257
+0.999644	+0.841278	+0.541104	+3.587339
+0.999645	+0.841279	+0.541108	+3.599422
+0.999646	+0.841280	+0.541111	+3.611505
+0.999647	+0.841280	+0.541115	+3.623587
+0.999648	+0.841281	+0.541119	+3.635670
+0.999649	+0.841281	+0.541122	+3.647753
+0.999650	+0.841282	+0.541126	+3.659835
+0.999651	+0.841282	+0.541130	+3.671918
+0.999652	+0.841283	+0.541133	+3.684001
+0.999653	+0.841283	+0.541137	+3.696083
+0.999654	+0.841284	+0.541141	+3.708166
+0.999655	+0.841284	+0.541144	+3.720248
+0.999656	+0.841285	+0.541148	+3.732331
+0.999657	+0.841285	+0.541152	+3.744414
+0.999658	+0.841286	+0.541156	+3.756496
+0.999659	+0.841287	+0.541159	+3.768579
+0.999660	+0.841287	+0.541163	+3.780662
+0.999661	+0.841288	+0.541167	+3.792744
+0.999662	+0.841288	+0.541171	+3.804827
+0.999663	+0.841289	+0.541175	+3.816910
+0.999664	+0.841289	+0.541178	+3.828992
+0.999665	+0.841290	+0.541182	+3.841075
+0.999666	+0.841290	+0.541186	+3.853158
+0.999667	+0.841291	+0.541190	+3.865240
+0.999668	+0.841291	+0.541194	+3.877323
+0.999669	+0.841292	+0.541198	+3.889406
+0.999670	+0.841292	+0.541202	+3.901488
+0.999671	+0.841293	+0.541206	+3.913571
+0.999672	+0.841294	+0.541209	+3.925654
+0.999673	+0.841294	+0.541213	+3.937736
+0.999674	+0.841295	+0.541217	+3.949819
+0.999675	+0.841295	+0.541221	+3.961901
+0.999676	+0.841296	+0.541225	+3.973984
+0.999677	+0.841296	+0.541229	+3.986067
+0.999678	+0.841297	+0.541233	+3.998149
+0.999679	+0.841297	+0.541237	+4.010232
+0.999680	+0.841298	+0.541241	+4.022315
+0.999681	+0.841298	+0.541245	+4.034397
+0.999682	+0.841299	+0.541249	+4.046480
+0.999683	+0.841300	+0.541253	+4.058563
+0.999684	+0.841300	+0.541257	+4.070645
+0.999685	+0.841301	+0.541262	+4.082728
+0.999686	+0.841301	+0.541266	+4.094811
+0.999687	+0.841302	+0.541270	+4.106893
+0.999688	+0.841302	+0.541274	+4.118976
+0.999689	+0.841303	+0.541278	+4.131059
+0.999690	+0.841303	+0.541282	+4.143141
+0.999691	+0.841304	+0.541286	+4.155224
+0.999692	+0.841304	+0.541290	+4.167307
+0.999693	+0.841305	+0.541295	+4.179389
+0.999694	+0.841305	+0.541299	+4.191472
+0.999695	+0.841306	+0.541303	+4.203555
+0.999696	+0.841307	+0.541307	+4.215637
+0.999697	+0.841307	+0.541311	+4.227720
+0.999698	+0.841308	+0.541316	+4.239802
+0.999699	+0.841308	+0.541320	+4.251885
+0.999700	+0.841309	+0.541324	+4.263968
+0.999701	+0.841309	+0.541328	+4.276050
+0.999702	+0.841310	+0.541333	+4.288133
+0.999703	+0.841310	+0.541337	+4.300216
+0.999704	+0.841311	+0.541341	+4.312298
+0.999705	+0.841311	+0.541346	+4.324381
+0.999706	+0.841312	+0.541350	+4.336464
+0.999707	+0.841313	+0.541354	+4.348546
+0.999708	+0.841313	+0.541359	+4.360629
+0.999709	+0.841314	+0.541363	+4.372712
+0.999710	+0.841314	+0.541367	+4.384794
+0.999711	+0.841315	+0.541372	+4.396877
+0.999712	+0.841315	+0.541376	+4.408960
+0.999713	+0.841316	+0.541381	+4.421042
+0.999714	+0.841316	+0.541385	+4.433125
+0.999715	+0.841317	+0.541389	+4.445208
+0.999716	+0.841317	+0.541394	+4.457290
+0.999717	+0.841318	+0.541398	+4.469373
+0.999718	+0.841318	+0.541403	+4.481456
+0.999719	+0.841319	+0.541407	+4.493538
+0.999720	+0.841320	+0.541412	+4.505621
+0.999721	+0.841320	+0.541416	+4.517703
+0.999722	+0.841321	+0.541421	+4.529786
+0.999723	+0.841321	+0.541425	+4.541869
+0.999724	+0.841322	+0.541430	+4.553951
+0.999725	+0.841322	+0.541434	+4.566034
+0.999726	+0.841323	+0.541439	+4.578117
+0.999727	+0.841323	+0.541444	+4.590199
+0.999728	+0.841324	+0.541448	+4.602282
+0.999729	+0.841324	+0.541453	+4.614365
+0.999730	+0.841325	+0.541457	+4.626447
+0.999731	+0.841326	+0.540445	+4.555491
+0.999732	+0.841326	+0.540450	+4.485255
+0.999733	+0.841327	+0.540454	+4.415020
+0.999734	+0.841327	+0.540458	+4.344784
+0.999735	+0.841328	+0.540463	+4.274548
+0.999736	+0.841328	+0.540467	+4.204313
+0.999737	+0.841329	+0.540471	+4.134077
+0.999738	+0.841329	+0.540475	+4.063841
+0.999739	+0.841330	+0.540479	+3.993606
+0.999740	+0.841330	+0.540483	+3.923370
+0.999741	+0.841331	+0.540487	+3.853134
+0.999742	+0.841331	+0.540491	+3.782899
+0.999743	+0.841332	+0.540495	+3.712663
+0.999744	+0.841333	+0.540498	+3.642427
+0.999745	+0.841333	+0.540502	+3.572192
+0.999746	+0.841334	+0.540505	+3.501956
+0.999747	+0.841334	+0.540509	+3.431720
+0.999748	+0.841335	+0.540512	+3.361485
+0.999749	+0.841335	+0.540516	+3.291249
+0.999750	+0.841336	+0.540519	+3.221013
+0.999751	+0.841336	+0.540522	+3.150777
+0.999752	+0.841337	+0.540525	+3.080542
+0.999753	+0.841337	+0.540528	+3.010306
+0.999754	+0.841338	+0.540531	+2.940070
+0.999755	+0.841338	+0.540534	+2.869835
+0.999756	+0.841339	+0.540537	+2.799599
+0.999757	+0.841340	+0.540540	+2.729363
+0.999758	+0.841340	+0.540542	+2.659128
+0.999759	+0.841341	+0.540545	+2.588892
+0.999760	+0.841341	+0.540548	+2.518656
+0.999761	+0.841342	+0.540550	+2.448421
+0.999762	+0.841342	+0.540552	+2.378185
+0.999763	+0.841343	+0.540555	+2.307949
+0.999764	+0.841343	+0.540557	+2.237714
+0.999765	+0.841344	+0.540559	+2.167478
+0.999766	+0.841344	+0.540561	+2.097242
+0.999767	+0.841345	+0.540563	+2.027007
+0.999768	+0.841346	+0.540565	+1.956771
+0.999769	+0.841346	+0.540567	+1.886535
+0.999770	+0.841347	+0.540569	+1.816300
+0.999771	+0.841347	+0.540571	+1.746064
+0.999772	+0.841348	+0.540573	+1.675828
+0.999773	+0.841348	+0.540574	+1.605593
+0.999774	+0.841349	+0.540576	+1.535357
+0.999775	+0.841349	+0.540577	+1.465121
+0.999776	+0.841350	+0.540579	+1.394886
+0.999777	+0.841350	+0.540580	+1.324650
+0.999778	+0.841351	+0.540582	+1.254414
+0.999779	+0.841351	+0.540583	+1.184179
+0.999780	+0.841352	+0.540584	+1.113943
+0.999781	+0.841353	+0.540585	+1.043707
+0.999782	+0.841353	+0.540586	+0.973472
+0.999783	+0.841354	+0.540587	+0.903236
+0.999784	+0.841354	+0.540588	+0.833000
+0.999785	+0.841355	+0.540589	+0.762765
+0.999786	+0.841355	+0.540589	+0.692529
+0.999787	+0.841356	+0.540590	+0.622293
+0.999788	+0.841356	+0.540591	+0.552058
+0.999789	+0.841357	+0.540591	+0.481822
+0.999790	+0.841357	+0.540592	+0.411586
+0.999791	+0.841358	+0.540592	+0.341351
+0.999792	+0.841358	+0.540592	+0.271115
+0.999793	+0.841359	+0.540592	+0.200879
+0.999794	+0.841360	+0.540593	+0.130644
+0.999795	+0.841360	+0.540593	+0.060408
+0.999796	+0.841361	+0.540593	-0.009828
+0.999797	+0.841361	+0.540593	-0.080064
+0.999798	+0.841362	+0.540593	-0.150299
+0.999799	+0.841362	+0.540592	-0.220535
+0.999800	+0.841363	+0.540592	-0.290771
+0.999801	+0.841363	+0.540592	-0.361006
+0.999802	+0.841364	+0.540591	-0.431242
+0.999803	+0.841364	+0.540591	-0.501478
+0.999804	+0.841365	+0.540590	-0.571713
+0.999805	+0.841366	+0.540590	-0.641949
+0.999806	+0.841366	+0.540589	-0.712185
+0.999807	+0.841367	+0.540588	-0.782420
+0.999808	+0.841367	+0.540588	-0.852656
+0.999809	+0.841368	+0.540587	-0.922892
+0.999810	+0.841368	+0.540586	-0.993127
+0.999811	+0.841369	+0.540585	-1.063363
+0.999812	+0.841369	+0.540584	-1.133599
+0.999813	+0.841370	+0.540582	-1.203834
+0.999814	+0.841370	+0.540581	-1.274070
+0.999815	+0.841371	+0.540580	-1.344306
+0.999816	+0.841371	+0.540578	-1.414541
+0.999817	+0.841372	+0.540577	-1.484777
+0.999818	+0.841373	+0.540576	-1.555013
+0.999819	+0.841373	+0.540574	-1.625248
+0.999820	+0.841374	+0.540572	-1.695484
+0.999821	+0.841374	+0.540571	-1.765720
+0.999822	+0.841375	+0.540569	-1.835955
+0.999823	+0.841375	+0.540567	-1.906191
+0.999824	+0.841376	+0.540565	-1.976427
+0.999825	+0.841376	+0.540563	-2.046662
+0.999826	+0.841377	+0.540561	-2.116898
+0.999827	+0.841377	+0.540559	-2.187134
+0.999828	+0.841378	+0.540556	-2.257369
+0.999829	+0.841378	+0.540554	-2.327605
+0.999830	+0.841379	+0.540552	-2.397841
+0.999831	+0.841380	+0.540549	-2.468076
+0.999832	+0.841380	+0.540547	-2.538312
+0.999833	+0.841381	+0.540544	-2.608548
+0.999834	+0.841381	+0.540542	-2.678783
+0.999835	+0.841382	+0.540539	-2.749019
+0.999836	+0.841382	+0.540536	-2.819255
+0.999837	+0.841383	+0.540533	-2.889490
+0.999838	+0.841383	+0.540530	-2.959726
+0.999839	+0.841384	+0.540527	-3.029962
+0.999840	+0.841384	+0.540524	-3.100198
+0.999841	+0.841385	+0.540521	-3.170433
+0.999842	+0.841386	+0.540518	-3.240669
+0.999843	+0.841386	+0.540515	-3.310905
+0.999844	+0.841387	+0.540511	-3.381140
+0.999845	+0.841387	+0.540508	-3.451376
+0.999846	+0.841388	+0.540504	-3.521612
+0.999847	+0.841388	+0.540501	-3.591847
+0.999848	+0.841389	+0.540497	-3.662083
+0.999849	+0.841389	+0.540494	-3.732319
+0.999850	+0.841390	+0.540490	-3.802554
+0.999851	+0.841390	+0.540486	-3.872790
+0.999852	+0.841391	+0.540482	-3.943026
+0.999853	+0.841391	+0.540478	-4.013261
+0.999854	+0.841392	+0.540474	-4.083497
+0.999855	+0.841393	+0.540470	-4.153733
+0.999856	+0.841393	+0.540466	-4.223968
+0.999857	+0.841394	+0.540461	-4.294204
+0.999858	+0.841394	+0.540457	-4.364440
+0.999859	+0.841395	+0.540453	-4.434675
+0.999860	+0.841395	+0.540448	-4.504911
+0.999861	+0.841396	+0.540444	-4.575147
+0.999862	+0.841396	+0.540439	-4.645382
+0.999863	+0.841397	+0.540434	-4.715618
+0.999864	+0.841397	+0.540430	-4.785854
+0.999865	+0.841398	+0.540425	-4.856089
+0.999866	+0.841398	+0.540420	-4.926325
+0.999867	+0.841399	+0.540415	-4.996561
+0.999868	+0.841400	+0.540410	-5.066796
+0.999869	+0.841400	+0.540405	-5.137032
+0.999870	+0.841401	+0.540400	-5.207268
+0.999871	+0.841401	+0.540394	-5.277503
+0.999872	+0.841402	+0.540389	-5.347739
+0.999873	+0.841402	+0.540384	-5.417975
+0.999874	+0.841403	+0.540378	-5.488210
+0.999875	+0.841403	+0.540373	-5.558446
+0.999876	+0.841404	+0.540367	-5.628682
+0.999877	+0.841404	+0.540362	-5.698917
+0.999878	+0.841405	+0.540356	-5.769153
+0.999879	+0.841406	+0.540350	-5.839389
+0.999880	+0.841406	+0.540344	-5.909624
+0.999881	+0.841407	+0.540338	-5.979860
+0.999882	+0.841407	+0.540332	-6.050096
+0.999883	+0.841408	+0.540326	-6.120331
+0.999884	+0.841408	+0.540320	-6.190567
+0.999885	+0.841409	+0.540314	-6.260803
+0.999886	+0.841409	+0.540307	-6.331039
+0.999887	+0.841410	+0.540301	-6.401274
+0.999888	+0.841410	+0.540295	-6.471510
+0.999889	+0.841411	+0.540288	-6.541746
+0.999890	+0.841411	+0.540281	-6.611981
+0.999891	+0.841412	+0.540275	-6.682217
+0.999892	+0.841413	+0.540268	-6.752453
+0.999893	+0.841413	+0.540261	-6.822688
+0.999894	+0.841414	+0.540254	-6.892924
+0.999895	+0.841414	+0.540248	-6.963160
+0.999896	+0.841415	+0.540241	-7.033395
+0.999897	+0.841415	+0.540233	-7.103631
+0.999898	+0.841416	+0.540226	-7.173867
+0.999899	+0.841416	+0.540219	-7.244102
+0.999900	+0.841417	+0.540212	-7.314338
+0.999901	+0.841417	+0.540205	-7.384574
+0.999902	+0.841418	+0.540197	-7.454809
+0.999903	+0.841418	+0.540190	-7.525045
+0.999904	+0.841419	+0.540182	-7.595281
+0.999905	+0.841420	+0.540174	-7.665516
+0.999906	+0.841420	+0.540167	-7.735752
+0.999907	+0.841421	+0.540159	-7.805988
+0.999908	+0.841421	+0.540151	-7.876223
+0.999909	+0.841422	+0.540143	-7.946459
+0.999910	+0.841422	+0.540135	-8.016695
+0.999911	+0.841423	+0.540127	-8.086930
+0.999912	+0.841423	+0.540119	-8.157166
+0.999913	+0.841424	+0.540111	-8.227402
+0.999914	+0.841424	+0.540103	-8.297637
+0.999915	+0.841425	+0.540094	-8.367873
+0.999916	+0.841426	+0.540086	-8.438109
+0.999917	+0.841426	+0.540077	-8.508344
+0.999918	+0.841427	+0.540069	-8.578580
+0.999919	+0.841427	+0.540060	-8.648816
+0.999920	+0.841428	+0.540052	-8.719051
+0.999921	+0.841428	+0.540043	-8.789287
+0.999922	+0.841429	+0.540034	-8.859523
+0.999923	+0.841429	+0.540025	-8.929758
+0.999924	+0.841430	+0.540016	-8.999994
+0.999925	+0.841430	+0.540382	-8.729613
+0.999926	+0.841431	+0.540373	-8.330383
+0.999927	+0.841431	+0.540365	-7.931153
+0.999928	+0.841432	+0.540357	-7.531923
+0.999929	+0.841433	+0.540350	-7.132692
+0.999930	+0.841433	+0.540343	-6.733462
+0.999931	+0.841434	+0.540336	-6.334232
+0.999932	+0.841434	+0.540330	-5.935002
+0.999933	+0.841435	+0.540325	-5.535772
+0.999934	+0.841435	+0.540319	-5.136542
+0.999935	+0.841436	+0.540314	-4.737312
+0.999936	+0.841436	+0.540310	-4.338082
+0.999937	+0.841437	+0.540306	-3.938852
+0.999938	+0.841437	+0.540302	-3.539622
+0.999939	+0.841438	+0.540299	-3.140392
+0.999940	+0.841438	+0.540296	-2.741162
+0.999941	+0.841439	+0.540293	-2.341931
+0.999942	+0.841440	+0.540291	-1.942701
+0.999943	+0.841440	+0.540289	-1.543471
+0.999944	+0.841441	+0.540288	-1.144241
+0.999945	+0.841441	+0.540287	-0.745011
+0.999946	+0.841442	+0.540286	-0.345781
+0.999947	+0.841442	+0.540286	+0.053449
+0.999948	+0.841443	+0.540286	+0.452679
+0.999949	+0.841443	+0.540287	+0.851909
+0.999950	+0.841444	+0.540288	+1.251139
+0.999951	+0.841444	+0.540290	+1.650369
+0.999952	+0.841445	+0.540292	+2.049599
+0.999953	+0.841445	+0.540294	+2.448829
+0.999954	+0.841446	+0.540296	+2.848060
+0.999955	+0.841447	+0.540299	+3.247290
+0.999956	+0.841447	+0.540303	+3.646520
+0.999957	+0.841448	+0.540307	+4.045750
+0.999958	+0.841448	+0.540311	+4.444980
+0.999959	+0.841449	+0.540316	+4.844210
+0.999960	+0.841449	+0.540321	+5.243440
+0.999961	+0.841450	+0.540326	+5.642670
+0.999962	+0.841450	+0.540332	+6.041900
+0.999963	+0.841451	+0.540338	+6.441130
+0.999964	+0.841451	+0.540345	+6.840360
+0.999965	+0.841452	+0.540352	+7.239590
+0.999966	+0.841453	+0.540359	+7.638820
+0.999967	+0.841453	+0.540367	+8.038051
+0.999968	+0.841454	+0.540375	+8.437281
+0.999969	+0.841454	+0.540384	+8.836511
+0.999970	+0.841455	+0.540393	+9.235741
+0.999971	+0.841455	+0.540403	+9.634971
+0.999972	+0.841456	+0.540412	+10.034201
+0.999973	+0.841456	+0.540423	+10.433431
+0.999974	+0.841457	+0.540433	+10.832661
+0.999975	+0.841457	+0.540444	+11.231891
+0.999976	+0.841458	+0.540456	+11.631121
+0.999977	+0.841458	+0.540468	+12.030351
+0.999978	+0.841459	+0.540480	+12.429581
+0.999979	+0.841460	+0.540492	+12.828811
+0.999980	+0.841460	+0.540297	+12.701894
+0.999981	+0.841461	+0.540308	+10.665846
+0.999982	+0.841461	+0.540318	+8.629799
+0.999983	+0.841462	+0.540326	+6.593751
+0.999984	+0.841462	+0.540331	+4.557704
+0.999985	+0.841463	+0.540335	+2.521656
+0.999986	+0.841463	+0.540336	+0.485609
+0.999987	+0.841464	+0.540336	-1.550439
+0.999988	+0.841464	+0.540333	-3.586486
+0.999989	+0.841465	+0.540329	-5.622534
+0.999990	+0.841465	+0.540322	-7.658581
+0.999991	+0.841466	+0.540313	-9.694629
+0.999992	+0.841467	+0.540303	-11.730676
+0.999993	+0.841467	+0.540290	-13.766724
+0.999994	+0.841468	+0.540275	-15.802771
+0.999995	+0.841468	+0.540258	-17.838819
+0.999996	+0.841469	+0.540327	-17.644336
+0.999997	+0.841469	+0.540311	-13.418339
+0.999998	+0.841470	+0.540300	-9.192341
+0.999999	+0.841470	+0.540293	-4.966344
+1.000000	+0.841471	+0.540290	+0.000000
