a=	+0.999050	b=	+1.000000	n=	+20	r=	+3.500000
x	g(x)	g'(x)	g''(x)
+0.999050	+0.996205	+4.000535	+38.774628
+0.999051	+0.996209	+3.989064	+38.651026
+0.999052	+0.996213	+3.989102	+38.527424
+0.999053	+0.996217	+3.989141	+38.403823
+0.999054	+0.996221	+3.989179	+38.280221
+0.999055	+0.996225	+3.989217	+38.156619
+0.999056	+0.996229	+3.989255	+38.033018
+0.999057	+0.996233	+3.989293	+37.909416
+0.999058	+0.996237	+3.989331	+37.785814
+0.999059	+0.996241	+3.989369	+37.662213
+0.999060	+0.996245	+3.989406	+37.538611
+0.999061	+0.996249	+3.989444	+37.415009
+0.999062	+0.996253	+3.989481	+37.291408
+0.999063	+0.996257	+3.989519	+37.167806
+0.999064	+0.996261	+3.989556	+37.044205
+0.999065	+0.996265	+3.989593	+36.920603
+0.999066	+0.996269	+3.989629	+36.797001
+0.999067	+0.996273	+3.989666	+36.673400
+0.999068	+0.996277	+3.989703	+36.549798
+0.999069	+0.996281	+3.989739	+36.426196
+0.999070	+0.996285	+3.989776	+36.302595
+0.999071	+0.996288	+3.989812	+36.178993
+0.999072	+0.996292	+3.989848	+36.055391
+0.999073	+0.996296	+3.989884	+35.931790
+0.999074	+0.996300	+3.989920	+35.808188
+0.999075	+0.996304	+3.989956	+35.684587
+0.999076	+0.996308	+3.989991	+35.560985
+0.999077	+0.996312	+3.990027	+35.437383
+0.999078	+0.996316	+3.990062	+35.313782
+0.999079	+0.996320	+3.990097	+35.190180
+0.999080	+0.996324	+3.990133	+35.066578
+0.999081	+0.996328	+3.990168	+34.942977
+0.999082	+0.996332	+3.990202	+34.819375
+0.999083	+0.996336	+3.990237	+34.695773
+0.999084	+0.996340	+3.990272	+34.572172
+0.999085	+0.996344	+3.990306	+34.448570
+0.999086	+0.996348	+3.990341	+34.324968
+0.999087	+0.996352	+3.990375	+34.201367
+0.999088	+0.996356	+3.990409	+34.077765
+0.999089	+0.996360	+3.990443	+33.954164
+0.999090	+0.996364	+3.990477	+33.830562
+0.999091	+0.996368	+3.990511	+33.706960
+0.999092	+0.996372	+3.990544	+33.583359
+0.999093	+0.996376	+3.990578	+33.459757
+0.999094	+0.996380	+3.990611	+33.336155
+0.999095	+0.996384	+3.990645	+33.212554
+0.999096	+0.996388	+3.990678	+33.088952
+0.999097	+0.996392	+3.990711	+32.965350
+0.999098	+0.996396	+3.990744	+32.841749
+0.999099	+0.996400	+3.990776	+32.718147
+0.999100	+0.996404	+3.990809	+32.594545
+0.999101	+0.996408	+3.990842	+32.470944
+0.999102	+0.996412	+3.990874	+32.347342
+0.999103	+0.996416	+3.990906	+32.223741
+0.999104	+0.996420	+3.990939	+32.100139
+0.999105	+0.996424	+3.990971	+31.976537
+0.999106	+0.996428	+3.991002	+31.852936
+0.999107	+0.996432	+3.991034	+31.729334
+0.999108	+0.996436	+3.991066	+31.605732
+0.999109	+0.996440	+3.991097	+31.482131
+0.999110	+0.996444	+3.991129	+31.358529
+0.999111	+0.996448	+3.991160	+31.234927
+0.999112	+0.996452	+3.991191	+31.111326
+0.999113	+0.996456	+3.991222	+30.987724
+0.999114	+0.996460	+3.991253	+30.864123
+0.999115	+0.996464	+3.991284	+30.740521
+0.999116	+0.996468	+3.991315	+30.616919
+0.999117	+0.996472	+3.991345	+30.493318
+0.999118	+0.996476	+3.991376	+30.369716
+0.999119	+0.996480	+3.991406	+30.246114
+0.999120	+0.996484	+3.991436	+30.122513
+0.999121	+0.996488	+3.991466	+29.998911
+0.999122	+0.996492	+3.991496	+29.875309
+0.999123	+0.996496	+3.991526	+29.751708
+0.999124	+0.996500	+3.991556	+29.628106
+0.999125	+0.996504	+3.991585	+29.504504
+0.999126	+0.996508	+3.991615	+29.380903
+0.999127	+0.996512	+3.991644	+29.257301
+0.999128	+0.996516	+3.991673	+29.133700
+0.999129	+0.996520	+3.991702	+29.010098
+0.999130	+0.996524	+3.991731	+28.886496
+0.999131	+0.996528	+3.991760	+28.762895
+0.999132	+0.996532	+3.991789	+28.639293
+0.999133	+0.996536	+3.991817	+28.515691
+0.999134	+0.996540	+3.991846	+28.392090
+0.999135	+0.996544	+3.991874	+28.268488
+0.999136	+0.996548	+3.991902	+28.144886
+0.999137	+0.996552	+3.991931	+28.021285
+0.999138	+0.996556	+3.991958	+27.897683
+0.999139	+0.996560	+3.991986	+27.774082
+0.999140	+0.996564	+3.992014	+27.650480
+0.999141	+0.996568	+3.992042	+27.526878
+0.999142	+0.996572	+3.992069	+27.403277
+0.999143	+0.996576	+3.992096	+27.279675
+0.999144	+0.996580	+3.992124	+27.156073
+0.999145	+0.996584	+3.992151	+27.032472
+0.999146	+0.996588	+3.992178	+26.908870
+0.999147	+0.996592	+3.992205	+26.785268
+0.999148	+0.996596	+3.992231	+26.661667
+0.999149	+0.996600	+3.992258	+26.538065
+0.999150	+0.996604	+3.992284	+26.414463
+0.999151	+0.996608	+3.992311	+26.290862
+0.999152	+0.996612	+3.992337	+26.167260
+0.999153	+0.996616	+3.992363	+26.043659
+0.999154	+0.996620	+3.992389	+25.920057
+0.999155	+0.996624	+3.992415	+25.796455
+0.999156	+0.996628	+3.992441	+25.672854
+0.999157	+0.996632	+3.992466	+25.549252
+0.999158	+0.996636	+3.992492	+25.425650
+0.999159	+0.996640	+3.992517	+25.302049
+0.999160	+0.996644	+3.992542	+25.178447
+0.999161	+0.996648	+3.992567	+25.054845
+0.999162	+0.996652	+3.992592	+24.931244
+0.999163	+0.996656	+3.992617	+24.807642
+0.999164	+0.996660	+3.992642	+24.684040
+0.999165	+0.996664	+3.992667	+24.560439
+0.999166	+0.996668	+3.992691	+24.436837
+0.999167	+0.996672	+3.992716	+24.313236
+0.999168	+0.996676	+3.992740	+24.189634
+0.999169	+0.996680	+3.992764	+24.066032
+0.999170	+0.996684	+3.992788	+23.942431
+0.999171	+0.996688	+3.992812	+23.818829
+0.999172	+0.996692	+3.992836	+23.695227
+0.999173	+0.996696	+3.992859	+23.571626
+0.999174	+0.996700	+3.992883	+23.448024
+0.999175	+0.996704	+3.992906	+23.324422
+0.999176	+0.996708	+3.992929	+23.200821
+0.999177	+0.996712	+3.992952	+23.077219
+0.999178	+0.996716	+3.992975	+22.953618
+0.999179	+0.996720	+3.992998	+22.830016
+0.999180	+0.996724	+3.993021	+22.706414
+0.999181	+0.996728	+3.993044	+22.582813
+0.999182	+0.996732	+3.993066	+22.459211
+0.999183	+0.996736	+3.993089	+22.335609
+0.999184	+0.996740	+3.993111	+22.212008
+0.999185	+0.996744	+3.993133	+22.088406
+0.999186	+0.996748	+3.993155	+21.964804
+0.999187	+0.996752	+3.993177	+21.841203
+0.999188	+0.996756	+3.993199	+21.717601
+0.999189	+0.996760	+3.993221	+21.593999
+0.999190	+0.996763	+3.993242	+21.470398
+0.999191	+0.996767	+3.993263	+21.346796
+0.999192	+0.996771	+3.993285	+21.223195
+0.999193	+0.996775	+3.993306	+21.099593
+0.999194	+0.996779	+3.993327	+20.975991
+0.999195	+0.996783	+3.993348	+20.852390
+0.999196	+0.996787	+3.993369	+20.728788
+0.999197	+0.996791	+3.993389	+20.605186
+0.999198	+0.996795	+3.993410	+20.481585
+0.999199	+0.996799	+3.993430	+20.357983
+0.999200	+0.996803	+3.993451	+20.234381
+0.999201	+0.996807	+3.993471	+20.110780
+0.999202	+0.996811	+3.993491	+19.987178
+0.999203	+0.996815	+3.993511	+19.863577
+0.999204	+0.996819	+3.993531	+19.739975
+0.999205	+0.996823	+3.993550	+19.616373
+0.999206	+0.996827	+3.993570	+19.492772
+0.999207	+0.996831	+3.993589	+19.369170
+0.999208	+0.996835	+3.993608	+19.245568
+0.999209	+0.996839	+3.993628	+19.121967
+0.999210	+0.996843	+3.993647	+18.998365
+0.999211	+0.996847	+3.993666	+18.874763
+0.999212	+0.996851	+3.993684	+18.751162
+0.999213	+0.996855	+3.993703	+18.627560
+0.999214	+0.996859	+3.993722	+18.503958
+0.999215	+0.996863	+3.993740	+18.380357
+0.999216	+0.996867	+3.993758	+18.256755
+0.999217	+0.996871	+3.993777	+18.133154
+0.999218	+0.996875	+3.993795	+18.009552
+0.999219	+0.996879	+3.993813	+17.885950
+0.999220	+0.996883	+3.993831	+17.762349
+0.999221	+0.996887	+3.993848	+17.638747
+0.999222	+0.996891	+3.993866	+17.515145
+0.999223	+0.996895	+3.993883	+17.391544
+0.999224	+0.996899	+3.993901	+17.267942
+0.999225	+0.996903	+3.993918	+17.144340
+0.999226	+0.996907	+3.993935	+17.020739
+0.999227	+0.996911	+3.993952	+16.897137
+0.999228	+0.996915	+3.993969	+16.773535
+0.999229	+0.996919	+3.993985	+16.649934
+0.999230	+0.996923	+3.994002	+16.526332
+0.999231	+0.996927	+3.994018	+16.402731
+0.999232	+0.996931	+3.994035	+16.279129
+0.999233	+0.996935	+3.994051	+16.155527
+0.999234	+0.996939	+3.994067	+16.031926
+0.999235	+0.996943	+3.994083	+15.908324
+0.999236	+0.996947	+3.994099	+15.784722
+0.999237	+0.996951	+3.994115	+15.661121
+0.999238	+0.996955	+3.994130	+15.537519
+0.999239	+0.996959	+3.994146	+15.413917
+0.999240	+0.996963	+3.994161	+15.290316
+0.999241	+0.996967	+3.994176	+15.166714
+0.999242	+0.996971	+3.994191	+15.043113
+0.999243	+0.996975	+3.994206	+14.919511
+0.999244	+0.996979	+3.994221	+14.795909
+0.999245	+0.996983	+3.994236	+14.672308
+0.999246	+0.996987	+3.994251	+14.548706
+0.999247	+0.996991	+3.994265	+14.425104
+0.999248	+0.996995	+3.994279	+14.301503
+0.999249	+0.996999	+3.994294	+14.177901
+0.999250	+0.997003	+3.994308	+14.054299
+0.999251	+0.997007	+3.994322	+13.930698
+0.999252	+0.997011	+3.994336	+13.807096
+0.999253	+0.997015	+3.994349	+13.683494
+0.999254	+0.997019	+3.994363	+13.559893
+0.999255	+0.997023	+3.994377	+13.436291
+0.999256	+0.997027	+3.994390	+13.312690
+0.999257	+0.997031	+3.994403	+13.189088
+0.999258	+0.997035	+3.994416	+13.065486
+0.999259	+0.997039	+3.994429	+12.941885
+0.999260	+0.997043	+3.994442	+12.818283
+0.999261	+0.997047	+3.994455	+12.694681
+0.999262	+0.997051	+3.994468	+12.571080
+0.999263	+0.997055	+3.994480	+12.447478
+0.999264	+0.997059	+3.994492	+12.323876
+0.999265	+0.997063	+3.994505	+12.200275
+0.999266	+0.997067	+3.994517	+12.076673
+0.999267	+0.997071	+3.994529	+11.953072
+0.999268	+0.997075	+3.994541	+11.829470
+0.999269	+0.997079	+3.994553	+11.705868
+0.999270	+0.997083	+3.994564	+11.582267
+0.999271	+0.997087	+3.994576	+11.458665
+0.999272	+0.997091	+3.994587	+11.335063
+0.999273	+0.997095	+3.994598	+11.211462
+0.999274	+0.997099	+3.994609	+11.087860
+0.999275	+0.997103	+3.994621	+10.964258
+0.999276	+0.997107	+3.994631	+10.840657
+0.999277	+0.997111	+3.994642	+10.717055
+0.999278	+0.997115	+3.994653	+10.593453
+0.999279	+0.997119	+3.994663	+10.469852
+0.999280	+0.997123	+3.994674	+10.346250
+0.999281	+0.997127	+3.994684	+10.222649
+0.999282	+0.997131	+3.994694	+10.099047
+0.999283	+0.997135	+3.994704	+9.975445
+0.999284	+0.997139	+3.994714	+9.851844
+0.999285	+0.997143	+3.994724	+9.728242
+0.999286	+0.997147	+3.994734	+9.604640
+0.999287	+0.997151	+3.994743	+9.481039
+0.999288	+0.997155	+3.994753	+9.357437
+0.999289	+0.997159	+3.994762	+9.233835
+0.999290	+0.997163	+3.994771	+9.110234
+0.999291	+0.997167	+3.994780	+8.986632
+0.999292	+0.997171	+3.994789	+8.863031
+0.999293	+0.997175	+3.994798	+8.739429
+0.999294	+0.997179	+3.994807	+8.615827
+0.999295	+0.997183	+3.994815	+8.492226
+0.999296	+0.997187	+3.994824	+8.368624
+0.999297	+0.997191	+3.994832	+8.245022
+0.999298	+0.997195	+3.994840	+8.121421
+0.999299	+0.997199	+3.994848	+7.997819
+0.999300	+0.997203	+3.994856	+7.874217
+0.999301	+0.997207	+3.994864	+7.750616
+0.999302	+0.997211	+3.994871	+7.627014
+0.999303	+0.997215	+3.994879	+7.503412
+0.999304	+0.997219	+3.994887	+7.379811
+0.999305	+0.997223	+3.994894	+7.256209
+0.999306	+0.997227	+3.994901	+7.132608
+0.999307	+0.997231	+3.994908	+7.009006
+0.999308	+0.997235	+3.994915	+6.885404
+0.999309	+0.997239	+3.994922	+6.761803
+0.999310	+0.997243	+3.994929	+6.638201
+0.999311	+0.997247	+3.994935	+6.514599
+0.999312	+0.997251	+3.994942	+6.390998
+0.999313	+0.997255	+3.994948	+6.267396
+0.999314	+0.997259	+3.994954	+6.143794
+0.999315	+0.997263	+3.994960	+6.020193
+0.999316	+0.997267	+3.994966	+5.896591
+0.999317	+0.997271	+3.994972	+5.772989
+0.999318	+0.997275	+3.994978	+5.649388
+0.999319	+0.997279	+3.994983	+5.525786
+0.999320	+0.997283	+3.994989	+5.402185
+0.999321	+0.997287	+3.994994	+5.278583
+0.999322	+0.997291	+3.994999	+5.154981
+0.999323	+0.997295	+3.995004	+5.031380
+0.999324	+0.997299	+3.995009	+4.907778
+0.999325	+0.997303	+3.995014	+4.784176
+0.999326	+0.997307	+3.995019	+4.660575
+0.999327	+0.997311	+3.995024	+4.536973
+0.999328	+0.997315	+3.995028	+4.413371
+0.999329	+0.997319	+3.995032	+4.289770
+0.999330	+0.997323	+3.995037	+4.166168
+0.999331	+0.997327	+3.995041	+4.042567
+0.999332	+0.997331	+3.995045	+3.918965
+0.999333	+0.997335	+3.995049	+3.795363
+0.999334	+0.997339	+3.995052	+3.671762
+0.999335	+0.997343	+3.995056	+3.548160
+0.999336	+0.997347	+3.995059	+3.424558
+0.999337	+0.997351	+3.995063	+3.300957
+0.999338	+0.997355	+3.995066	+3.177355
+0.999339	+0.997359	+3.995069	+3.053753
+0.999340	+0.997363	+3.995072	+2.930152
+0.999341	+0.997367	+3.995075	+2.806550
+0.999342	+0.997371	+3.995078	+2.682948
+0.999343	+0.997375	+3.995080	+2.559347
+0.999344	+0.997379	+3.995083	+2.435745
+0.999345	+0.997383	+3.995085	+2.312144
+0.999346	+0.997387	+3.995087	+2.188542
+0.999347	+0.997391	+3.995090	+2.064940
+0.999348	+0.997395	+3.995092	+1.941339
+0.999349	+0.997399	+3.995093	+1.817737
+0.999350	+0.997403	+3.995095	+1.694135
+0.999351	+0.997407	+3.995097	+1.570534
+0.999352	+0.997411	+3.995098	+1.446932
+0.999353	+0.997415	+3.995100	+1.323330
+0.999354	+0.997419	+3.995101	+1.199729
+0.999355	+0.997423	+3.995102	+1.076127
+0.999356	+0.997427	+3.995103	+0.952526
+0.999357	+0.997431	+3.995104	+0.828924
+0.999358	+0.997435	+3.995105	+0.705322
+0.999359	+0.997439	+3.995105	+0.581721
+0.999360	+0.997443	+3.995106	+0.458119
+0.999361	+0.997447	+3.995106	+0.334517
+0.999362	+0.997451	+3.995107	+0.210916
+0.999363	+0.997455	+3.995107	+0.087314
+0.999364	+0.997459	+3.995107	-0.036288
+0.999365	+0.997463	+3.995107	-0.159889
+0.999366	+0.997467	+3.995106	-0.283491
+0.999367	+0.997471	+3.995106	-0.407093
+0.999368	+0.997475	+3.995106	-0.530694
+0.999369	+0.997479	+3.995105	-0.654296
+0.999370	+0.997483	+3.995104	-0.777897
+0.999371	+0.997487	+3.995104	-0.901499
+0.999372	+0.997491	+3.995103	-1.025101
+0.999373	+0.997494	+3.995101	-1.148702
+0.999374	+0.997498	+3.995100	-1.272304
+0.999375	+0.997502	+3.995099	-1.395906
+0.999376	+0.997506	+3.995097	-1.519507
+0.999377	+0.997510	+3.995096	-1.643109
+0.999378	+0.997514	+3.995094	-1.766711
+0.999379	+0.997518	+3.995092	-1.890312
+0.999380	+0.997522	+3.995090	-2.013914
+0.999381	+0.997526	+3.995088	-2.137516
+0.999382	+0.997530	+3.995086	-2.261117
+0.999383	+0.997534	+3.995084	-2.384719
+0.999384	+0.997538	+3.995081	-2.508320
+0.999385	+0.997542	+3.995079	-2.631922
+0.999386	+0.997546	+3.995076	-2.755524
+0.999387	+0.997550	+3.995073	-2.879125
+0.999388	+0.997554	+3.995070	-3.002727
+0.999389	+0.997558	+3.995067	-3.126329
+0.999390	+0.997562	+3.995064	-3.249930
+0.999391	+0.997566	+3.995061	-3.373532
+0.999392	+0.997570	+3.995057	-3.497134
+0.999393	+0.997574	+3.995054	-3.620735
+0.999394	+0.997578	+3.995050	-3.744337
+0.999395	+0.997582	+3.995046	-3.867938
+0.999396	+0.997586	+3.995042	-3.991540
+0.999397	+0.997590	+3.995038	-4.115142
+0.999398	+0.997594	+3.995034	-4.238743
+0.999399	+0.997598	+3.995030	-4.362345
+0.999400	+0.997602	+3.995025	-4.485947
+0.999401	+0.997606	+3.995021	-4.609548
+0.999402	+0.997610	+3.995016	-4.733150
+0.999403	+0.997614	+3.995011	-4.856752
+0.999404	+0.997618	+3.995006	-4.980353
+0.999405	+0.997622	+3.995001	-5.103955
+0.999406	+0.997626	+3.994996	-5.227557
+0.999407	+0.997630	+3.994991	-5.351158
+0.999408	+0.997634	+3.994986	-5.474760
+0.999409	+0.997638	+3.994980	-5.598361
+0.999410	+0.997642	+3.994974	-5.721963
+0.999411	+0.997646	+3.994969	-5.845565
+0.999412	+0.997650	+3.994963	-5.969166
+0.999413	+0.997654	+3.994957	-6.092768
+0.999414	+0.997658	+3.994950	-6.216370
+0.999415	+0.997662	+3.994944	-6.339971
+0.999416	+0.997666	+3.994938	-6.463573
+0.999417	+0.997670	+3.994931	-6.587175
+0.999418	+0.997674	+3.994925	-6.710776
+0.999419	+0.997678	+3.994918	-6.834378
+0.999420	+0.997682	+3.994911	-6.957979
+0.999421	+0.997686	+3.994904	-7.081581
+0.999422	+0.997690	+3.994897	-7.205183
+0.999423	+0.997694	+3.994890	-7.328784
+0.999424	+0.997698	+3.994882	-7.452386
+0.999425	+0.997702	+3.994875	-7.575988
+0.999426	+0.997706	+3.994867	-7.699589
+0.999427	+0.997710	+3.994859	-7.823191
+0.999428	+0.997714	+3.994851	-7.946793
+0.999429	+0.997718	+3.994843	-8.070394
+0.999430	+0.997722	+3.994835	-8.193996
+0.999431	+0.997726	+3.994827	-8.317598
+0.999432	+0.997730	+3.994819	-8.441199
+0.999433	+0.997734	+3.994810	-8.564801
+0.999434	+0.997738	+3.994801	-8.688402
+0.999435	+0.997742	+3.994793	-8.812004
+0.999436	+0.997746	+3.994784	-8.935606
+0.999437	+0.997750	+3.994775	-9.059207
+0.999438	+0.997754	+3.994766	-9.182809
+0.999439	+0.997758	+3.994756	-9.306411
+0.999440	+0.997762	+3.994747	-9.430012
+0.999441	+0.997766	+3.994738	-9.553614
+0.999442	+0.997770	+3.994728	-9.677216
+0.999443	+0.997774	+3.994718	-9.800817
+0.999444	+0.997778	+3.994708	-9.924419
+0.999445	+0.997782	+3.994698	-10.048021
+0.999446	+0.997786	+3.994688	-10.171622
+0.999447	+0.997790	+3.994678	-10.295224
+0.999448	+0.997794	+3.994668	-10.418825
+0.999449	+0.997798	+3.994657	-10.542427
+0.999450	+0.997802	+3.994647	-10.666029
+0.999451	+0.997806	+3.994636	-10.789630
+0.999452	+0.997810	+3.994625	-10.913232
+0.999453	+0.997814	+3.994614	-11.036834
+0.999454	+0.997818	+3.994603	-11.160435
+0.999455	+0.997822	+3.994592	-11.284037
+0.999456	+0.997826	+3.994580	-11.407639
+0.999457	+0.997830	+3.994569	-11.531240
+0.999458	+0.997834	+3.994557	-11.654842
+0.999459	+0.997838	+3.994546	-11.778443
+0.999460	+0.997842	+3.994534	-11.902045
+0.999461	+0.997846	+3.994522	-12.025647
+0.999462	+0.997850	+3.994510	-12.149248
+0.999463	+0.997854	+3.994498	-12.272850
+0.999464	+0.997858	+3.994485	-12.396452
+0.999465	+0.997862	+3.994473	-12.520053
+0.999466	+0.997866	+3.994460	-12.643655
+0.999467	+0.997870	+3.994447	-12.767257
+0.999468	+0.997874	+3.994435	-12.890858
+0.999469	+0.997878	+3.994422	-13.014460
+0.999470	+0.997882	+3.994409	-13.138062
+0.999471	+0.997886	+3.994395	-13.261663
+0.999472	+0.997890	+3.994382	-13.385265
+0.999473	+0.997894	+3.994369	-13.508866
+0.999474	+0.997898	+3.994355	-13.632468
+0.999475	+0.997902	+3.994341	-13.756070
+0.999476	+0.997906	+3.994328	-13.879671
+0.999477	+0.997910	+3.994314	-14.003273
+0.999478	+0.997914	+3.994300	-14.126875
+0.999479	+0.997918	+3.994285	-14.250476
+0.999480	+0.997922	+3.994271	-14.374078
+0.999481	+0.997926	+3.994257	-14.497680
+0.999482	+0.997930	+3.994242	-14.621281
+0.999483	+0.997934	+3.994227	-14.744883
+0.999484	+0.997938	+3.994213	-14.868484
+0.999485	+0.997942	+3.994198	-14.992086
+0.999486	+0.997946	+3.994183	-15.115688
+0.999487	+0.997950	+3.994167	-15.239289
+0.999488	+0.997954	+3.994152	-15.362891
+0.999489	+0.997958	+3.994137	-15.486493
+0.999490	+0.997962	+3.994121	-15.610094
+0.999491	+0.997966	+3.994105	-15.733696
+0.999492	+0.997970	+3.994090	-15.857298
+0.999493	+0.997974	+3.994074	-15.980899
+0.999494	+0.997978	+3.994058	-16.104501
+0.999495	+0.997982	+3.994041	-16.228103
+0.999496	+0.997986	+3.994025	-16.351704
+0.999497	+0.997990	+3.994009	-16.475306
+0.999498	+0.997994	+3.993992	-16.598907
+0.999499	+0.997998	+3.993976	-16.722509
+0.999500	+0.998002	+3.993959	-16.846111
+0.999501	+0.998006	+3.993942	-16.969712
+0.999502	+0.998010	+3.993925	-17.093314
+0.999503	+0.998014	+3.993908	-17.216916
+0.999504	+0.998018	+3.993890	-17.340517
+0.999505	+0.998022	+3.993873	-17.464119
+0.999506	+0.998026	+3.993856	-17.587721
+0.999507	+0.998030	+3.993838	-17.711322
+0.999508	+0.998034	+3.993820	-17.834924
+0.999509	+0.998038	+3.993802	-17.958526
+0.999510	+0.998042	+3.993784	-18.082127
+0.999511	+0.998046	+3.993766	-18.205729
+0.999512	+0.998050	+3.993748	-18.329330
+0.999513	+0.998054	+3.993729	-18.452932
+0.999514	+0.998058	+3.993711	-18.576534
+0.999515	+0.998062	+3.993692	-18.700135
+0.999516	+0.998066	+3.993673	-18.823737
+0.999517	+0.998070	+3.993655	-18.947339
+0.999518	+0.998074	+3.993636	-19.070940
+0.999519	+0.998078	+3.993616	-19.194542
+0.999520	+0.998082	+3.993597	-19.318144
+0.999521	+0.998086	+3.993578	-19.441745
+0.999522	+0.998090	+3.993558	-19.565347
+0.999523	+0.998094	+3.993539	-19.688948
+0.999524	+0.998098	+3.993519	-19.812550
+0.999525	+0.998102	+3.993499	-19.936152
+0.999526	+0.998106	+3.993479	-20.059753
+0.999527	+0.998110	+3.993459	-20.183355
+0.999528	+0.998114	+3.993439	-20.306957
+0.999529	+0.998118	+3.993418	-20.430558
+0.999530	+0.998122	+3.993398	-20.554160
+0.999531	+0.998126	+3.993377	-20.677762
+0.999532	+0.998130	+3.993356	-20.801363
+0.999533	+0.998134	+3.993336	-20.924965
+0.999534	+0.998138	+3.993315	-21.048567
+0.999535	+0.998142	+3.993293	-21.172168
+0.999536	+0.998146	+3.993272	-21.295770
+0.999537	+0.998150	+3.993251	-21.419371
+0.999538	+0.998154	+3.993229	-21.542973
+0.999539	+0.998158	+3.993208	-21.666575
+0.999540	+0.998162	+3.993186	-21.790176
+0.999541	+0.998166	+3.993164	-21.913778
+0.999542	+0.998170	+3.993142	-22.037380
+0.999543	+0.998174	+3.993120	-22.160981
+0.999544	+0.998178	+3.993098	-22.284583
+0.999545	+0.998182	+3.993076	-22.408185
+0.999546	+0.998186	+3.993053	-22.531786
+0.999547	+0.998190	+3.993031	-22.655388
+0.999548	+0.998194	+3.993008	-22.778989
+0.999549	+0.998198	+3.992985	-22.902591
+0.999550	+0.998201	+3.992962	-23.026193
+0.999551	+0.998205	+3.992939	-23.149794
+0.999552	+0.998209	+3.992916	-23.273396
+0.999553	+0.998213	+3.992892	-23.396998
+0.999554	+0.998217	+3.992869	-23.520599
+0.999555	+0.998221	+3.992845	-23.644201
+0.999556	+0.998225	+3.992822	-23.767803
+0.999557	+0.998229	+3.992798	-23.891404
+0.999558	+0.998233	+3.992774	-24.015006
+0.999559	+0.998237	+3.992750	-24.138608
+0.999560	+0.998241	+3.992726	-24.262209
+0.999561	+0.998245	+3.992701	-24.385811
+0.999562	+0.998249	+3.992677	-24.509412
+0.999563	+0.998253	+3.992652	-24.633014
+0.999564	+0.998257	+3.992628	-24.756616
+0.999565	+0.998261	+3.992603	-24.880217
+0.999566	+0.998265	+3.992578	-25.003819
+0.999567	+0.998269	+3.992553	-25.127421
+0.999568	+0.998273	+3.992528	-25.251022
+0.999569	+0.998277	+3.992502	-25.374624
+0.999570	+0.998281	+3.992477	-25.498226
+0.999571	+0.998285	+3.992451	-25.621827
+0.999572	+0.998289	+3.992426	-25.745429
+0.999573	+0.998293	+3.992400	-25.869031
+0.999574	+0.998297	+3.992374	-25.992632
+0.999575	+0.998301	+3.992348	-26.116234
+0.999576	+0.998305	+3.992322	-26.239835
+0.999577	+0.998309	+3.992295	-26.363437
+0.999578	+0.998313	+3.992269	-26.487039
+0.999579	+0.998317	+3.992242	-26.610640
+0.999580	+0.998321	+3.992216	-26.734242
+0.999581	+0.998325	+3.992189	-26.857844
+0.999582	+0.998329	+3.992162	-26.981445
+0.999583	+0.998333	+3.992135	-27.105047
+0.999584	+0.998337	+3.992108	-27.228649
+0.999585	+0.998341	+3.992080	-27.352250
+0.999586	+0.998345	+3.992053	-27.475852
+0.999587	+0.998349	+3.992025	-27.599453
+0.999588	+0.998353	+3.991998	-27.723055
+0.999589	+0.998357	+3.991970	-27.846657
+0.999590	+0.998361	+3.991942	-27.970258
+0.999591	+0.998365	+3.991914	-28.093860
+0.999592	+0.998369	+3.991886	-28.217462
+0.999593	+0.998373	+3.991858	-28.341063
+0.999594	+0.998377	+3.991829	-28.464665
+0.999595	+0.998381	+3.991801	-28.588267
+0.999596	+0.998385	+3.991772	-28.711868
+0.999597	+0.998389	+3.991743	-28.835470
+0.999598	+0.998393	+3.991714	-28.959072
+0.999599	+0.998397	+3.991685	-29.082673
+0.999600	+0.998401	+3.991656	-29.206275
+0.999601	+0.998405	+3.991627	-29.329876
+0.999602	+0.998409	+3.991598	-29.453478
+0.999603	+0.998413	+3.991568	-29.577080
+0.999604	+0.998417	+3.991538	-29.700681
+0.999605	+0.998421	+3.991509	-29.824283
+0.999606	+0.998425	+3.991479	-29.947885
+0.999607	+0.998429	+3.991449	-30.071486
+0.999608	+0.998433	+3.991419	-30.195088
+0.999609	+0.998437	+3.991388	-30.318690
+0.999610	+0.998441	+3.991358	-30.442291
+0.999611	+0.998445	+3.991327	-30.565893
+0.999612	+0.998449	+3.991297	-30.689494
+0.999613	+0.998453	+3.991266	-30.813096
+0.999614	+0.998457	+3.991235	-30.936698
+0.999615	+0.998461	+3.991204	-31.060299
+0.999616	+0.998465	+3.991173	-31.183901
+0.999617	+0.998469	+3.991142	-31.307503
+0.999618	+0.998473	+3.991110	-31.431104
+0.999619	+0.998477	+3.991079	-31.554706
+0.999620	+0.998481	+3.991047	-31.678308
+0.999621	+0.998485	+3.991016	-31.801909
+0.999622	+0.998489	+3.990984	-31.925511
+0.999623	+0.998493	+3.990952	-32.049113
+0.999624	+0.998497	+3.990920	-32.172714
+0.999625	+0.998501	+3.990887	-32.296316
+0.999626	+0.998505	+3.990855	-32.419917
+0.999627	+0.998509	+3.990823	-32.543519
+0.999628	+0.998513	+3.990790	-32.667121
+0.999629	+0.998517	+3.990757	-32.790722
+0.999630	+0.998521	+3.990724	-32.914324
+0.999631	+0.998525	+3.990691	-33.037926
+0.999632	+0.998529	+3.990658	-33.161527
+0.999633	+0.998533	+3.990625	-33.285129
+0.999634	+0.998537	+3.990592	-33.408731
+0.999635	+0.998541	+3.990558	-33.532332
+0.999636	+0.998545	+3.990525	-33.655934
+0.999637	+0.998549	+3.990491	-33.779535
+0.999638	+0.998553	+3.990457	-33.903137
+0.999639	+0.998557	+3.990423	-34.026739
+0.999640	+0.998561	+3.990389	-34.150340
+0.999641	+0.998565	+3.990355	-34.273942
+0.999642	+0.998569	+3.990321	-34.397544
+0.999643	+0.998573	+3.990286	-34.521145
+0.999644	+0.998577	+3.990251	-34.644747
+0.999645	+0.998581	+3.990217	-34.768349
+0.999646	+0.998585	+3.990182	-34.891950
+0.999647	+0.998589	+3.990147	-35.015552
+0.999648	+0.998593	+3.990112	-35.139154
+0.999649	+0.998597	+3.990077	-35.262755
+0.999650	+0.998601	+3.990041	-35.386357
+0.999651	+0.998605	+3.990006	-35.509958
+0.999652	+0.998609	+3.989970	-35.633560
+0.999653	+0.998613	+3.989935	-35.757162
+0.999654	+0.998617	+3.989899	-35.880763
+0.999655	+0.998621	+3.989863	-36.004365
+0.999656	+0.998625	+3.989827	-36.127967
+0.999657	+0.998629	+3.989791	-36.251568
+0.999658	+0.998633	+3.989754	-36.375170
+0.999659	+0.998637	+3.989718	-36.498772
+0.999660	+0.998641	+3.989681	-36.622373
+0.999661	+0.998645	+3.989645	-36.745975
+0.999662	+0.998649	+3.989608	-36.869577
+0.999663	+0.998653	+3.989571	-36.993178
+0.999664	+0.998657	+3.989534	-37.116780
+0.999665	+0.998661	+3.989497	-37.240381
+0.999666	+0.998664	+3.989459	-37.363983
+0.999667	+0.998668	+3.989422	-37.487585
+0.999668	+0.998672	+3.989384	-37.611186
+0.999669	+0.998676	+3.989347	-37.734788
+0.999670	+0.998680	+3.989309	-37.858390
+0.999671	+0.998684	+3.989271	-37.981991
+0.999672	+0.998688	+3.989233	-38.105593
+0.999673	+0.998692	+3.989195	-38.229195
+0.999674	+0.998696	+3.989157	-38.352796
+0.999675	+0.998700	+3.989118	-38.476398
+0.999676	+0.998704	+3.989080	-38.599999
+0.999677	+0.998708	+3.989041	-38.723601
+0.999678	+0.998712	+3.989002	-38.847203
+0.999679	+0.998716	+3.988963	-38.970804
+0.999680	+0.998720	+3.988924	-39.094406
+0.999681	+0.998724	+3.988885	-39.218008
+0.999682	+0.998728	+3.988846	-39.341609
+0.999683	+0.998732	+3.988806	-39.465211
+0.999684	+0.998736	+3.988767	-39.588813
+0.999685	+0.998740	+3.988727	-39.712414
+0.999686	+0.998744	+3.988687	-39.836016
+0.999687	+0.998748	+3.988647	-39.959618
+0.999688	+0.998752	+3.988607	-40.083219
+0.999689	+0.998756	+3.988567	-40.206821
+0.999690	+0.998760	+3.988527	-40.330422
+0.999691	+0.998764	+3.988487	-40.454024
+0.999692	+0.998768	+3.988446	-40.577626
+0.999693	+0.998772	+3.988405	-40.701227
+0.999694	+0.998776	+3.988365	-40.824829
+0.999695	+0.998780	+3.988324	-40.948431
+0.999696	+0.998784	+3.988283	-41.072032
+0.999697	+0.998788	+3.988242	-41.195634
+0.999698	+0.998792	+3.988200	-41.319236
+0.999699	+0.998796	+3.988159	-41.442837
+0.999700	+0.998800	+3.988118	-41.566439
+0.999701	+0.998804	+3.988076	-41.690040
+0.999702	+0.998808	+3.988034	-41.813642
+0.999703	+0.998812	+3.987992	-41.937244
+0.999704	+0.998816	+3.987950	-42.060845
+0.999705	+0.998820	+3.987908	-42.184447
+0.999706	+0.998824	+3.987866	-42.308049
+0.999707	+0.998828	+3.987824	-42.431650
+0.999708	+0.998832	+3.987781	-42.555252
+0.999709	+0.998836	+3.987738	-42.678854
+0.999710	+0.998840	+3.987696	-42.802455
+0.999711	+0.998844	+3.987653	-42.926057
+0.999712	+0.998848	+3.987610	-43.049659
+0.999713	+0.998852	+3.987567	-43.173260
+0.999714	+0.998856	+3.987524	-43.296862
+0.999715	+0.998860	+3.987480	-43.420463
+0.999716	+0.998864	+3.987437	-43.544065
+0.999717	+0.998868	+3.987393	-43.667667
+0.999718	+0.998872	+3.987349	-43.791268
+0.999719	+0.998876	+3.987305	-43.914870
+0.999720	+0.998880	+3.987262	-44.038472
+0.999721	+0.998884	+3.987217	-44.162073
+0.999722	+0.998888	+3.987173	-44.285675
+0.999723	+0.998892	+3.987129	-44.409277
+0.999724	+0.998896	+3.987084	-44.532878
+0.999725	+0.998900	+3.987040	-44.656480
+0.999726	+0.998904	+3.986995	-44.780082
+0.999727	+0.998908	+3.986950	-44.903683
+0.999728	+0.998912	+3.986905	-45.027285
+0.999729	+0.998916	+3.986860	-45.150886
+0.999730	+0.998920	+3.986815	-45.274488
+0.999731	+0.998924	+3.997756	-44.548551
+0.999732	+0.998928	+3.997712	-43.829987
+0.999733	+0.998932	+3.997668	-43.111423
+0.999734	+0.998936	+3.997626	-42.392859
+0.999735	+0.998940	+3.997584	-41.674295
+0.999736	+0.998944	+3.997542	-40.955731
+0.999737	+0.998948	+3.997502	-40.237167
+0.999738	+0.998952	+3.997462	-39.518604
+0.999739	+0.998956	+3.997423	-38.800040
+0.999740	+0.998960	+3.997384	-38.081476
+0.999741	+0.998964	+3.997346	-37.362912
+0.999742	+0.998968	+3.997309	-36.644348
+0.999743	+0.998972	+3.997273	-35.925784
+0.999744	+0.998976	+3.997238	-35.207220
+0.999745	+0.998980	+3.997203	-34.488656
+0.999746	+0.998984	+3.997169	-33.770092
+0.999747	+0.998988	+3.997135	-33.051528
+0.999748	+0.998992	+3.997103	-32.332964
+0.999749	+0.998996	+3.997071	-31.614400
+0.999750	+0.999000	+3.997039	-30.895836
+0.999751	+0.999004	+3.997009	-30.177272
+0.999752	+0.999008	+3.996979	-29.458708
+0.999753	+0.999012	+3.996950	-28.740144
+0.999754	+0.999016	+3.996921	-28.021580
+0.999755	+0.999020	+3.996894	-27.303016
+0.999756	+0.999024	+3.996867	-26.584452
+0.999757	+0.999028	+3.996841	-25.865889
+0.999758	+0.999032	+3.996815	-25.147325
+0.999759	+0.999036	+3.996790	-24.428761
+0.999760	+0.999040	+3.996766	-23.710197
+0.999761	+0.999044	+3.996743	-22.991633
+0.999762	+0.999048	+3.996720	-22.273069
+0.999763	+0.999052	+3.996698	-21.554505
+0.999764	+0.999056	+3.996677	-20.835941
+0.999765	+0.999060	+3.996657	-20.117377
+0.999766	+0.999064	+3.996637	-19.398813
+0.999767	+0.999068	+3.996618	-18.680249
+0.999768	+0.999072	+3.996600	-17.961685
+0.999769	+0.999076	+3.996582	-17.243121
+0.999770	+0.999080	+3.996565	-16.524557
+0.999771	+0.999084	+3.996549	-15.805993
+0.999772	+0.999088	+3.996533	-15.087429
+0.999773	+0.999092	+3.996519	-14.368865
+0.999774	+0.999096	+3.996505	-13.650301
+0.999775	+0.999100	+3.996491	-12.931737
+0.999776	+0.999104	+3.996479	-12.213174
+0.999777	+0.999108	+3.996467	-11.494610
+0.999778	+0.999112	+3.996456	-10.776046
+0.999779	+0.999116	+3.996445	-10.057482
+0.999780	+0.999120	+3.996436	-9.338918
+0.999781	+0.999124	+3.996427	-8.620354
+0.999782	+0.999128	+3.996419	-7.901790
+0.999783	+0.999132	+3.996411	-7.183226
+0.999784	+0.999136	+3.996404	-6.464662
+0.999785	+0.999140	+3.996398	-5.746098
+0.999786	+0.999144	+3.996393	-5.027534
+0.999787	+0.999148	+3.996388	-4.308970
+0.999788	+0.999152	+3.996384	-3.590406
+0.999789	+0.999156	+3.996381	-2.871842
+0.999790	+0.999160	+3.996378	-2.153278
+0.999791	+0.999164	+3.996377	-1.434714
+0.999792	+0.999168	+3.996375	-0.716150
+0.999793	+0.999172	+3.996375	+0.002414
+0.999794	+0.999176	+3.996375	+0.720978
+0.999795	+0.999180	+3.996377	+1.439541
+0.999796	+0.999184	+3.996378	+2.158105
+0.999797	+0.999188	+3.996381	+2.876669
+0.999798	+0.999192	+3.996384	+3.595233
+0.999799	+0.999196	+3.996388	+4.313797
+0.999800	+0.999200	+3.996393	+5.032361
+0.999801	+0.999204	+3.996398	+5.750925
+0.999802	+0.999208	+3.996404	+6.469489
+0.999803	+0.999212	+3.996411	+7.188053
+0.999804	+0.999215	+3.996419	+7.906617
+0.999805	+0.999219	+3.996427	+8.625181
+0.999806	+0.999223	+3.996436	+9.343745
+0.999807	+0.999227	+3.996446	+10.062309
+0.999808	+0.999231	+3.996456	+10.780873
+0.999809	+0.999235	+3.996467	+11.499437
+0.999810	+0.999239	+3.996479	+12.218001
+0.999811	+0.999243	+3.996492	+12.936565
+0.999812	+0.999247	+3.996505	+13.655129
+0.999813	+0.999251	+3.996519	+14.373693
+0.999814	+0.999255	+3.996534	+15.092256
+0.999815	+0.999259	+3.996549	+15.810820
+0.999816	+0.999263	+3.996565	+16.529384
+0.999817	+0.999267	+3.996582	+17.247948
+0.999818	+0.999271	+3.996600	+17.966512
+0.999819	+0.999275	+3.996618	+18.685076
+0.999820	+0.999279	+3.996637	+19.403640
+0.999821	+0.999283	+3.996657	+20.122204
+0.999822	+0.999287	+3.996677	+20.840768
+0.999823	+0.999291	+3.996699	+21.559332
+0.999824	+0.999295	+3.996720	+22.277896
+0.999825	+0.999299	+3.996743	+22.996460
+0.999826	+0.999303	+3.996766	+23.715024
+0.999827	+0.999307	+3.996791	+24.433588
+0.999828	+0.999311	+3.996815	+25.152152
+0.999829	+0.999315	+3.996841	+25.870716
+0.999830	+0.999319	+3.996867	+26.589280
+0.999831	+0.999323	+3.996894	+27.307844
+0.999832	+0.999327	+3.996922	+28.026408
+0.999833	+0.999331	+3.996950	+28.744971
+0.999834	+0.999335	+3.996979	+29.463535
+0.999835	+0.999339	+3.997009	+30.182099
+0.999836	+0.999343	+3.997040	+30.900663
+0.999837	+0.999347	+3.997071	+31.619227
+0.999838	+0.999351	+3.997103	+32.337791
+0.999839	+0.999355	+3.997135	+33.056355
+0.999840	+0.999359	+3.997169	+33.774919
+0.999841	+0.999363	+3.997203	+34.493483
+0.999842	+0.999367	+3.997238	+35.212047
+0.999843	+0.999371	+3.997273	+35.930611
+0.999844	+0.999375	+3.997310	+36.649175
+0.999845	+0.999379	+3.997347	+37.367739
+0.999846	+0.999383	+3.997384	+38.086303
+0.999847	+0.999387	+3.997423	+38.804867
+0.999848	+0.999391	+3.997462	+39.523431
+0.999849	+0.999395	+3.997502	+40.241995
+0.999850	+0.999399	+3.997543	+40.960559
+0.999851	+0.999403	+3.997584	+41.679123
+0.999852	+0.999407	+3.997626	+42.397686
+0.999853	+0.999411	+3.997669	+43.116250
+0.999854	+0.999415	+3.997712	+43.834814
+0.999855	+0.999419	+3.997756	+44.553378
+0.999856	+0.999423	+3.997801	+45.271942
+0.999857	+0.999427	+3.997847	+45.990506
+0.999858	+0.999431	+3.997893	+46.709070
+0.999859	+0.999435	+3.997940	+47.427634
+0.999860	+0.999439	+3.997988	+48.146198
+0.999861	+0.999443	+3.998037	+48.864762
+0.999862	+0.999447	+3.998086	+49.583326
+0.999863	+0.999451	+3.998136	+50.301890
+0.999864	+0.999455	+3.998186	+51.020454
+0.999865	+0.999459	+3.998238	+51.739018
+0.999866	+0.999463	+3.998290	+52.457582
+0.999867	+0.999467	+3.998343	+53.176146
+0.999868	+0.999471	+3.998396	+53.894710
+0.999869	+0.999475	+3.998451	+54.613274
+0.999870	+0.999479	+3.998505	+55.331838
+0.999871	+0.999483	+3.998561	+56.050401
+0.999872	+0.999487	+3.998618	+56.768965
+0.999873	+0.999491	+3.998675	+57.487529
+0.999874	+0.999495	+3.998733	+58.206093
+0.999875	+0.999499	+3.998791	+58.924657
+0.999876	+0.999503	+3.998850	+59.643221
+0.999877	+0.999507	+3.998910	+60.361785
+0.999878	+0.999511	+3.998971	+61.080349
+0.999879	+0.999515	+3.999033	+61.798913
+0.999880	+0.999519	+3.999095	+62.517477
+0.999881	+0.999523	+3.999158	+63.236041
+0.999882	+0.999527	+3.999221	+63.954605
+0.999883	+0.999531	+3.999286	+64.673169
+0.999884	+0.999535	+3.999351	+65.391733
+0.999885	+0.999539	+3.999416	+66.110297
+0.999886	+0.999543	+3.999483	+66.828861
+0.999887	+0.999547	+3.999550	+67.547425
+0.999888	+0.999551	+3.999618	+68.265989
+0.999889	+0.999555	+3.999686	+68.984553
+0.999890	+0.999559	+3.999756	+69.703116
+0.999891	+0.999563	+3.999826	+70.421680
+0.999892	+0.999567	+3.999897	+71.140244
+0.999893	+0.999571	+3.999968	+71.858808
+0.999894	+0.999575	+4.000040	+72.577372
+0.999895	+0.999579	+4.000113	+73.295936
+0.999896	+0.999583	+4.000187	+74.014500
+0.999897	+0.999587	+4.000261	+74.733064
+0.999898	+0.999591	+4.000336	+75.451628
+0.999899	+0.999595	+4.000412	+76.170192
+0.999900	+0.999599	+4.000489	+76.888756
+0.999901	+0.999603	+4.000566	+77.607320
+0.999902	+0.999607	+4.000644	+78.325884
+0.999903	+0.999611	+4.000723	+79.044448
+0.999904	+0.999615	+4.000802	+79.763012
+0.999905	+0.999619	+4.000882	+80.481576
+0.999906	+0.999623	+4.000963	+81.200140
+0.999907	+0.999627	+4.001045	+81.918704
+0.999908	+0.999631	+4.001127	+82.637268
+0.999909	+0.999635	+4.001210	+83.355831
+0.999910	+0.999639	+4.001294	+84.074395
+0.999911	+0.999643	+4.001378	+84.792959
+0.999912	+0.999647	+4.001463	+85.511523
+0.999913	+0.999651	+4.001549	+86.230087
+0.999914	+0.999655	+4.001636	+86.948651
+0.999915	+0.999659	+4.001723	+87.667215
+0.999916	+0.999663	+4.001811	+88.385779
+0.999917	+0.999667	+4.001900	+89.104343
+0.999918	+0.999671	+4.001989	+89.822907
+0.999919	+0.999675	+4.002079	+90.541471
+0.999920	+0.999679	+4.002170	+91.260035
+0.999921	+0.999683	+4.002262	+91.978599
+0.999922	+0.999687	+4.002354	+92.697163
+0.999923	+0.999691	+4.002447	+93.415727
+0.999924	+0.999695	+4.002541	+94.134291
+0.999925	+0.999699	+3.998969	+91.367679
+0.999926	+0.999703	+3.999059	+87.282694
+0.999927	+0.999707	+3.999144	+83.197709
+0.999928	+0.999711	+3.999225	+79.112725
+0.999929	+0.999715	+3.999302	+75.027740
+0.999930	+0.999719	+3.999375	+70.942755
+0.999931	+0.999723	+3.999444	+66.857770
+0.999932	+0.999727	+3.999509	+62.772786
+0.999933	+0.999731	+3.999570	+58.687801
+0.999934	+0.999735	+3.999626	+54.602816
+0.999935	+0.999739	+3.999679	+50.517831
+0.999936	+0.999743	+3.999727	+46.432847
+0.999937	+0.999747	+3.999772	+42.347862
+0.999938	+0.999751	+3.999812	+38.262877
+0.999939	+0.999755	+3.999848	+34.177892
+0.999940	+0.999759	+3.999880	+30.092908
+0.999941	+0.999763	+3.999908	+26.007923
+0.999942	+0.999767	+3.999932	+21.922938
+0.999943	+0.999771	+3.999952	+17.837953
+0.999944	+0.999775	+3.999968	+13.752969
+0.999945	+0.999779	+3.999980	+9.667984
+0.999946	+0.999783	+3.999987	+5.582999
+0.999947	+0.999787	+3.999991	+1.498014
+0.999948	+0.999791	+3.999990	-2.586970
+0.999949	+0.999795	+3.999986	-6.671955
+0.999950	+0.999799	+3.999977	-10.756940
+0.999951	+0.999803	+3.999964	-14.841925
+0.999952	+0.999807	+3.999947	-18.926909
+0.999953	+0.999811	+3.999926	-23.011894
+0.999954	+0.999815	+3.999901	-27.096879
+0.999955	+0.999819	+3.999872	-31.181864
+0.999956	+0.999823	+3.999839	-35.266848
+0.999957	+0.999827	+3.999802	-39.351833
+0.999958	+0.999831	+3.999760	-43.436818
+0.999959	+0.999835	+3.999715	-47.521803
+0.999960	+0.999839	+3.999665	-51.606787
+0.999961	+0.999843	+3.999612	-55.691772
+0.999962	+0.999847	+3.999554	-59.776757
+0.999963	+0.999851	+3.999492	-63.861742
+0.999964	+0.999855	+3.999426	-67.946726
+0.999965	+0.999859	+3.999356	-72.031711
+0.999966	+0.999863	+3.999282	-76.116696
+0.999967	+0.999867	+3.999204	-80.201681
+0.999968	+0.999871	+3.999122	-84.286665
+0.999969	+0.999875	+3.999035	-88.371650
+0.999970	+0.999879	+3.998945	-92.456635
+0.999971	+0.999883	+3.998850	-96.541619
+0.999972	+0.999887	+3.998752	-100.626604
+0.999973	+0.999891	+3.998649	-104.711589
+0.999974	+0.999895	+3.998542	-108.796574
+0.999975	+0.999899	+3.998431	-112.881558
+0.999976	+0.999903	+3.998317	-116.966543
+0.999977	+0.999907	+3.998198	-121.051528
+0.999978	+0.999911	+3.998074	-125.136513
+0.999979	+0.999915	+3.997947	-129.221497
+0.999980	+0.999919	+3.999998	-127.919362
+0.999981	+0.999923	+3.999881	-107.070037
+0.999982	+0.999927	+3.999784	-86.220711
+0.999983	+0.999931	+3.999708	-65.371385
+0.999984	+0.999935	+3.999654	-44.522059
+0.999985	+0.999939	+3.999619	-23.672733
+0.999986	+0.999943	+3.999606	-2.823407
+0.999987	+0.999947	+3.999614	+18.025919
+0.999988	+0.999951	+3.999642	+38.875245
+0.999989	+0.999955	+3.999692	+59.724571
+0.999990	+0.999959	+3.999762	+80.573897
+0.999991	+0.999963	+3.999853	+101.423223
+0.999992	+0.999967	+3.999965	+122.272549
+0.999993	+0.999971	+4.000097	+143.121875
+0.999994	+0.999975	+4.000251	+163.971201
+0.999995	+0.999979	+4.000425	+184.820527
+0.999996	+0.999983	+3.999741	+182.660058
+0.999997	+0.999987	+3.999902	+138.911121
+0.999998	+0.999991	+4.000019	+95.162185
+0.999999	+0.999995	+4.000092	+51.413248
+1.000000	+1.000000	+4.000123	+0.000000
